0.12128871225376753
0.09379168032059579
0.08312912813569974
0.07782442815851545
0.07630694096039517
0.07414654719756024
0.0731367969270183
0.0722591779149198
0.07143909273235732
0.07092018450580716
0.07035678803695757
0.0699318945170781
0.06970185861805447
0.06916886810112126
0.06883503719070853
0.06850507283299719
0.0682768319307791
0.06813451176554568
0.0678362484497953
0.06768435228118504
0.06743517949066723
0.06855170435253928
0.06726927296058452
0.06721968269602596
0.06684980737580905
0.06662386074536812
0.06646047577546227
0.06641403152806098
0.06626356866118177
0.06623569573723109
0.06614541052371503
0.06607455531431165
0.06607264198608995
0.06589454833804037
0.06580294742010424
0.06574428007114214
0.0656244035115862
0.06582469717280365
0.06557616392285837
0.06559303529622158
0.0654283066799062
0.06550589394860884
0.06539441795002497
0.06535258535386539
0.06534504367027014
0.06536517697149524
0.06525821167295134
0.06533585175520391
0.06540779301435386
0.06527040540023557
0.06524888956388507
0.06518556165384803
0.06512012193545781
0.06508478606587893
0.06513762586482609
0.06504007954130735
0.06505844041833611
0.06497910348637508
0.06494751548938837
0.0648432908075777
0.06479769461809952
0.0647575398582349
0.06482937988908516
0.06479479415937625
0.06461048834169285
0.06464548445754485
0.06460849129962036
0.06458594647183423
0.06453234894392101
0.06448275850391848
0.06444568630547781
0.06440717537254918
0.06441595389184804
0.06436781800944268
0.06429889873799141
0.06429225929534099
0.06423368450307751
0.06425317038890715
0.06426925538782989
0.06417122450547275
0.06408970363075345
0.06402974499173186
0.06399692795499765
0.06403679832721021
0.06402972328244413
0.06399687009413645
0.06396940847072029
0.06387933176937746
0.06389877018195035
0.06379924026218636
0.06380580498396071
0.063821067224265
0.06372625010715267
0.06380980135426434
0.0637105178655131
0.06378497557819
0.06368920580916526
0.06369685753020493
0.06367176847746221
0.06366652754808252
0.06367324445006667
0.06361241197150129
0.0636019643692824
0.06360656720115031
0.06358004629432822
0.06355643006975314
0.06351483421207571
0.0634817612973963
0.06345921009564509
0.06342243218113064
0.06349437651374226
0.06338443095549777
0.06340513228003561
0.06329535093547138
0.06339586710508215
0.0633096323549745
0.0633231165161596
0.06331037940074037
0.06321126113683063
0.06322539425919824
0.06325840010735925
0.06326906472843075
0.06315407025914206
0.06324935741022886
0.06313883763180095
0.0631890822913545
0.063103225380888
0.06313549537544014
0.06315479101340053
0.06308923178372455
0.06308366772487002
0.06304886573837817
0.06300683619061627
0.06300615679545604
0.06295274844148575
0.06290874320564448
0.06297866676691917
0.06290206758969742
0.06283082300234967
0.06289049853942323
0.06285841495531568
0.06283452765227691
0.06279884960944088
0.0627097122493979
0.062681133642382
0.062629446397453
0.06259132800980996
0.06261155681310167
0.06254924179586809
0.06251796973310016