10342.0
10397.0
10409.0
10497.0
10340.0
10136.0
10437.0
10658.0
10683.0
10688.0
10245.0
10570.0
10154.0
10389.0
10370.0
10455.0
10433.0
10382.0
10453.0
10529.0
10539.0
10567.0
10699.0
10748.0
10179.0
10240.0
10391.0
10242.0
10474.0
10709.0
10393.0
10390.0
10138.0
10196.0
10496.0
10533.0
10589.0
10573.0
10114.0
10518.0
10460.0
10569.0
10732.0
10231.0
10416.0
10528.0
10398.0
10540.0
10473.0
10464.0
10516.0
10417.0
10749.0
10616.0
10235.0
10674.0
10400.0
10141.0
10599.0
10541.0
10209.0
10385.0
10183.0
10450.0
10163.0
10690.0
10198.0
10502.0
10746.0
10511.0
10125.0
10693.0
10741.0
10692.0
10680.0
10615.0
10728.0
10574.0
10333.0
10332.0
10575.0
10174.0
10532.0
10498.0
10459.0
10544.0
10449.0
10731.0
10668.0
10181.0
10557.0
10143.0
10119.0
10227.0
10445.0
10470.0
10421.0
10426.0
10659.0
10548.0
10675.0
10526.0
10595.0
10493.0
10652.0
10418.0
10243.0
10236.0
10238.0
10481.0
10681.0
10689.0
10384.0
10542.0
10452.0
10250.0
10194.0
10562.0
10509.0
10614.0
10415.0
10379.0
10505.0
10177.0
10448.0
10122.0
10663.0
10254.0
10667.0
10112.0
10182.0
10222.0
10368.0
10649.0
10566.0
10210.0
10664.0
10673.0
10551.0
10457.0
10373.0
10155.0
10388.0
10191.0
10110.0
10686.0
10429.0
10237.0
10144.0
10140.0
10466.0
10239.0
10120.0
10153.0
10184.0
10121.0
10552.0
10656.0
10326.0
10469.0
10441.0
10487.0
10381.0
10420.0
10463.0
10651.0
10124.0
10178.0
10736.0
10392.0
10246.0
10598.0
10399.0
10213.0
10109.0
10666.0
10561.0
10435.0
10188.0
10108.0
10517.0
10241.0
10750.0
10410.0
10339.0
10407.0
10558.0
10713.0
10253.0
10146.0
10472.0
10671.0
10162.0
10208.0
10602.0
10175.0
10148.0
10718.0
10550.0
10708.0
10584.0
10447.0
10413.0
10123.0
10173.0
10623.0
10462.0
10247.0
10747.0
10189.0
10343.0
10476.0
10740.0
10691.0
10520.0
10679.0
10593.0
10694.0
10549.0
10556.0
10538.0
10579.0
10195.0
10383.0
