10226.0
10530.0
10599.0
10223.0
10670.0
10438.0
10610.0
10547.0
10137.0
10501.0
10669.0
10425.0
10555.0
10524.0
10456.0
10376.0
10527.0
10630.0
10104.0
10436.0
10714.0
10408.0
10551.0
10716.0
10722.0
10478.0
10228.0
10374.0
10427.0
10336.0
10503.0
10197.0
10721.0
10720.0
10606.0
10592.0
10519.0
10412.0
10335.0
10657.0
10715.0
10635.0
10401.0
10534.0
10730.0
10225.0
10523.0
10752.0
10609.0
10597.0
10424.0
10499.0
10587.0
10591.0
10377.0
10717.0
10751.0
10621.0
10605.0
10627.0
10711.0
10553.0
10337.0
10620.0
10608.0
10492.0
10522.0
10719.0
10607.0
10545.0
10682.0
10371.0
10604.0
10507.0
10586.0
10491.0
10465.0
10186.0
10431.0
10430.0
10380.0
10341.0
10338.0
10486.0
10252.0
10510.0
10658.0
10590.0
10508.0
10665.0
10629.0
10490.0
