[-0.08927026],1000.62
[-0.10835522],1000.69
[-0.11150903],1000.76
[-0.10570025],1000.83
[-0.11681882],1000.9
[-0.12073681],1000.97
[-0.11215562],1001.04
[-0.1224913],1001.11
[-0.10186869],1001.25
[-0.11007166],1001.39
[-0.11749125],1001.53
[-0.11248749],1001.6
[-0.09323877],1001.67
[-0.09168997],1001.74
[-0.09952208],1001.81
[-0.10122752],1001.88
[-0.09648916],1001.95
[-0.12285495],1002.02
[0.26447052],1002.09
[-0.02440542],1002.16
[-0.0688228],1002.3
[-0.1056582],1002.44
[-0.10709089],1002.58
[-0.11930889],1002.72
[-0.12284032],1002.79
[-0.10865265],1002.86
[-0.10162207],1002.93
[-0.08387661],1003.0
[-0.07245821],1003.07
[-0.09879279],1003.14
[-0.08853215],1003.21
[-0.10191375],1003.28
[-0.09420186],1003.35
[-0.09018561],1003.49
[-0.08261859],1003.63
[-0.09387037],1003.77
[-0.09868652],1003.84
[-0.11858436],1003.91
[-0.11202067],1003.98
[-0.11820447],1004.05
[-0.1217069],1004.12
[-0.11864233],1004.19
[-0.12036419],1004.26
[-0.11990249],1004.33
[-0.11513555],1004.4
[-0.1121147],1004.54
[-0.11555541],1004.68
[-0.12048504],1004.82
[-0.11657631],1004.96
[-0.10669807],1005.03
[-0.09961823],1005.1
[-0.1024223],1005.17
[-0.10052228],1005.24
[-0.09728181],1005.31
[-0.09170127],1005.38
[-0.09338412],1005.45
[-0.10424617],1005.52
[-0.08195829],1005.59
[0.24851424],1005.73
[0.12482697],1005.87
[0.25765407],1006.01
[0.10291415],1006.08
[-0.08737233],1006.15
[-0.10514939],1006.22
[-0.11197567],1006.29
[-0.11814371],1006.36
[-0.11838275],1006.43
[-0.1174238],1006.5
[-0.11482424],1006.57
[-0.09552765],1006.64
[-0.08740464],1006.78
[-0.09419608],1006.92
[-0.08757079],1007.06
[-0.09646526],1007.2
[-0.08392042],1007.27
[-0.09180692],1007.34
[-0.0896205],1007.41
[-0.09667563],1007.48
[-0.10099649],1007.55
[-0.10794398],1007.62
[-0.10508713],1007.69
[-0.10759896],1007.76
[-0.11134672],1007.83
[-0.11195278],1007.97
[-0.12061033],1008.11
[-0.11838347],1008.25
[-0.11628363],1008.32
[-0.10973018],1008.39
[-0.10912633],1008.46
[-0.12405521],1008.53
[-0.09383231],1008.6
[-0.11468267],1008.67
[-0.09763253],1008.74
[-0.11947596],1008.81
[0.0387792],1008.88
[0.25346148],1009.02
[0.04258764],1009.16
[-0.05916899],1009.3
[-0.05539587],1009.44
[-0.05193305],1009.51
[0.09765118],1009.58
[0.2533063],1009.65
[-0.05847332],1009.72
[-0.10057968],1009.79
[-0.11075824],1009.86
[-0.11713803],1009.93
[-0.1162017],1010.0
[-0.11420569],1010.07
[-0.1075424],1010.21
[-0.05597669],1010.35
[-0.08221075],1010.49
[-0.11286145],1010.56
[-0.11578971],1010.63
[-0.11932358],1010.7
[-0.1217652],1010.77
[-0.11227477],1010.84
[-0.10870674],1010.91
[-0.10999355],1010.98
[-0.11211807],1011.05
[-0.11489111],1011.12
[-0.07091808],1011.26
[0.07841367],1011.4
[-0.04464608],1011.54
[-0.08577195],1011.68
[-0.09388071],1011.75
[-0.10401684],1011.82
[-0.11466581],1011.89
[-0.12081593],1011.96
[-0.11749533],1012.03
[-0.11978424],1012.1
[-0.11777148],1012.17
[-0.06722337],1012.24
[0.01663929],1012.31
[0.06651998],1012.45
[0.13249135],1012.59
[-0.01155075],1012.73
[-0.090386],1012.8
[-0.10480872],1012.87
[-0.11037785],1012.94
[-0.11333221],1013.01
[-0.11486414],1013.08
[-0.11135364],1013.15
[-0.11854136],1013.22
[-0.05870247],1013.29
[0.05669287],1013.36
[-0.01424327],1013.5
[-0.09543607],1013.64
[-0.10655332],1013.78
[-0.11760649],1013.92
[-0.12093514],1013.99
[-0.0774799],1014.06
[0.11513433],1014.13
[-0.02696344],1014.2
[-0.10339856],1014.27
[-0.10125771],1014.34
[-0.09874427],1014.41
[-0.10684431],1014.48
[-0.10228109],1014.55
[-0.10255289],1014.69
[-0.09287849],1014.83
[0.17999443],1014.97
[0.23161156],1015.04
[0.2597766],1015.11
[-0.01242563],1015.18
[-0.09499288],1015.25
[-0.1072287],1015.32
[-0.1205079],1015.39
[-0.12171066],1015.46
[-0.12427124],1015.53
[-0.11889791],1015.6
[-0.11396551],1015.74
[-0.1008321],1015.88
[0.05859926],1016.02
[0.25861302],1016.16
[-0.00514099],1016.23
[-0.08788669],1016.3
[-0.10471112],1016.37
[-0.11715451],1016.44
[-0.11479115],1016.51
[-0.11737648],1016.58
[-0.11497676],1016.65
[-0.11546642],1016.72
[-0.11766452],1016.79
[-0.10300887],1016.93
[-0.12238556],1017.07
[-0.1171585],1017.21
[-0.11685467],1017.28
[-0.12152624],1017.35
[-0.12379438],1017.42
[-0.11936754],1017.49
[-0.12063545],1017.56
[-0.12417886],1017.63
[-0.11698031],1017.7
[-0.10979664],1017.77
[-0.10253912],1017.84
[-0.09597516],1017.98
[-0.09458444],1018.12
[-0.10089806],1018.26
[-0.10624745],1018.4
[-0.10812455],1018.47
[-0.11220467],1018.54
[-0.10323066],1018.61
[-0.10077041],1018.68
[-0.10753828],1018.75
[-0.10555357],1018.82
[-0.11826503],1018.89
[-0.12104696],1018.96
[-0.12168819],1019.03
[-0.12283158],1019.17
[-0.12134305],1019.31
[-0.12324619],1019.45
[-0.11983448],1019.52
[-0.11381179],1019.59
[-0.08812964],1019.66
[0.03172433],1019.73
[-0.0315716],1019.8
[0.16199222],1019.87
[0.15403551],1019.94
[0.1451053],1020.01
[0.14495036],1020.08
[0.14862177],1020.22
[0.1505288],1020.36
[0.15131505],1020.5
[0.15460253],1020.64
[0.1559358],1020.71
[0.15546307],1020.78
[0.15406823],1020.85
[0.15330194],1020.92
[0.15478837],1020.99
[0.1535295],1021.06
[0.15272641],1021.13
[0.15509109],1021.2
[0.1570474],1021.27
[0.15644181],1021.41
[0.15558031],1021.55
[0.15349433],1021.69
[0.15080947],1021.76
[0.15141442],1021.83
[0.14946428],1021.9
[0.14742446],1021.97
[0.14700937],1022.04
[0.14620687],1022.11
[0.14674577],1022.18
[0.14775863],1022.25
[0.14709987],1022.32
[0.14739366],1022.46
[0.14833215],1022.6
[0.14787678],1022.74
[0.14650145],1022.88
[0.14702667],1022.95
[0.14739658],1023.02
[0.1478188],1023.09
[0.14676711],1023.16
[0.14769614],1023.23
[0.15471931],1023.3
[0.155427],1023.37
[0.14617132],1023.44
[0.15743509],1023.51
[0.1157282],1023.65
[0.11258331],1023.79
[-0.00161484],1023.93
[-0.11604768],1024.0
[-0.11633867],1024.07
[-0.11342287],1024.14
[-0.10808474],1024.21
[-0.10107851],1024.28
[-0.10247409],1024.34
[-0.10334876],1024.42
[-0.09818673],1024.49
[-0.10975683],1024.56
[0.00567675],1024.7
[0.08063525],1024.83
[0.0972949],1024.83
[0.13089359],1024.98
[0.16616768],1025.11
[0.1566596],1025.19
[0.1721263],1025.26
[0.24338734],1025.33
[0.27920842],1025.33
[0.36404866],1025.4
[0.5380936],1025.47
[0.5577274],1025.54
[0.42759997],1025.6
[0.53540176],1025.68
[0.6487668],1025.75
[0.3513735],1025.89
[0.28341],1026.03
[0.18681586],1026.17
[0.27029413],1026.24
[0.20862055],1026.31
[0.14319563],1026.38
[0.13020784],1026.45
[0.12628907],1026.52
[0.14049989],1026.58
[0.12776506],1026.58
[0.12891787],1026.66
[0.13665897],1026.73
[0.15336105],1026.8
[0.14699173],1026.94
[0.15000844],1027.08
[0.1499114],1027.08
[0.15609056],1027.22
[0.15996447],1027.35
[0.1596697],1027.43
[0.16127688],1027.5
[0.16265327],1027.57
[0.16297269],1027.64
[0.16422391],1027.71
[0.16581792],1027.78
[0.1667009],1027.84
[0.16983086],1027.92
[0.16626137],1027.99
[0.17247248],1028.13
[0.17994362],1028.27
[0.18109196],1028.33
[0.18584147],1028.41
[0.2098059],1028.48
[0.2222969],1028.55
[0.21104431],1028.61
[0.21610498],1028.69
[0.22782293],1028.76
[0.25405055],1028.83
[0.24765411],1028.9
[0.26549703],1028.97
[0.26766858],1029.04
[0.28452197],1029.1
[0.28583473],1029.18
[0.2862751],1029.32
[0.27556622],1029.46
[0.29379684],1029.59
[0.29488432],1029.67
[0.29343295],1029.74
[0.29585713],1029.81
[0.28907365],1029.88
[0.2954389],1029.95
[0.29548037],1030.02
[0.29931027],1030.08
[0.303177],1030.08
[0.27467495],1030.16
[0.2883476],1030.23
[0.27675843],1030.36
[0.26577014],1030.51
[0.22739989],1030.58
[0.20698798],1030.65
[0.21420321],1030.72
[0.21315974],1030.79
[0.1984582],1030.85
[0.20911169],1030.93
[0.18459845],1031.0
[0.18275261],1031.07
[0.17540365],1031.14
[0.17981404],1031.21
[0.1794573],1031.28
[0.17409033],1031.34
[0.17350096],1031.42
[0.16970882],1031.56
[0.1676901],1031.7
[0.16484058],1031.83
[0.1651066],1031.83
[0.16387507],1031.91
[0.16101885],1031.98
[0.16017976],1032.05
[0.15936083],1032.11
[0.16094303],1032.19
[0.1586883],1032.26
[0.15610665],1032.33
[0.15469229],1032.33
[0.15296495],1032.4
[0.15416467],1032.47
[0.1525132],1032.6
[0.14840934],1032.75
[0.14661789],1032.89
[0.14413065],1032.96
[0.14101693],1033.03
[0.13899136],1033.09
[0.14010537],1033.17
[0.14146274],1033.24
[0.14239284],1033.31
[0.13993323],1033.38
[0.1415993],1033.45
[0.14555317],1033.52
[0.14502215],1033.58
[0.14406875],1033.58
[0.14369613],1033.66
[0.14253765],1033.8
[0.13693237],1033.94
[0.13961065],1034.08
[0.14170605],1034.08
[0.14217532],1034.15
[0.14282924],1034.22
[0.1429809],1034.29
[0.1427246],1034.35
[0.1424855],1034.43
[0.14350727],1034.5
[0.14236581],1034.57
[0.14135975],1034.64
[0.13732272],1034.71
[0.13438189],1034.84
[0.13181096],1034.99
[0.12305892],1035.13
[0.1261661],1035.2
[0.12725449],1035.27
[0.12901562],1035.33
[0.12929988],1035.41
[0.12814185],1035.48
[0.12549347],1035.55
[0.12422711],1035.61
[0.12194636],1035.69
[0.1281336],1035.76
[0.12182954],1035.83
[0.1220299],1035.9
[0.10657102],1036.04
[0.10248309],1036.18
[0.08680606],1036.32
[0.05214339],1036.39
[0.05606002],1036.46
[0.04865608],1036.53
[0.07137191],1036.59
[0.00562984],1036.67
[0.01373655],1036.74
[0.0473325],1036.81
[0.0733459],1036.88
[0.09690922],1036.95
[0.09828907],1037.08
[0.09532088],1037.08
[0.07110322],1037.23
[0.06376746],1037.36
[0.06395259],1037.51
[0.04725528],1037.58
[0.03120887],1037.58
[0.06121847],1037.65
[0.00558004],1037.72
[-0.02034825],1037.79
[-0.02583796],1037.85
[-0.08856159],1037.93
[-0.05290848],1038.0
[-0.14387125],1038.14
[-0.09494078],1038.28
[-0.14176762],1038.42
[-0.15432292],1038.56
[-0.13009334],1038.63
[-0.11563635],1038.7
[-0.1463154],1038.77
[-0.14443171],1038.83
[-0.15068847],1038.83
[-0.11275217],1038.91
[-0.08765817],1038.98
[-0.09796542],1039.05
[-0.16786832],1039.11
[-0.17157573],1039.19
[-0.17311192],1039.33
[-0.17326277],1039.33
[-0.18960279],1039.47
[-0.18621409],1039.6
[-0.17708653],1039.68
[-0.18240428],1039.75
[-0.16835493],1039.82
[-0.144405],1039.89
[-0.11072475],1039.96
[-0.08315772],1040.03
[-0.0996213],1040.09
[-0.13876867],1040.17
[-0.17890769],1040.24
[-0.1783256],1040.31
[-0.18738002],1040.38
[-0.1923014],1040.52
[-0.17474574],1040.58
[-0.17039698],1040.66
[-0.18282753],1040.8
[-0.18586856],1040.86
[-0.18737364],1040.94
[-0.17834282],1041.01
[-0.17872816],1041.08
[-0.18357694],1041.15
[-0.18344527],1041.22
[-0.17233169],1041.29
[-0.16353124],1041.35
[-0.17854899],1041.43
[-0.18610924],1041.57
[-0.1736092],1041.71
[-0.1724413],1041.84
[-0.17810494],1041.92
[-0.16803843],1041.99
[-0.164783],1042.06
[-0.16873378],1042.13
[-0.1327753],1042.2
[-0.11523992],1042.27
[-0.11056983],1042.33
[-0.13112426],1042.41
[-0.14443213],1042.48
[-0.14997709],1042.61
[-0.15247029],1042.76
[-0.17613238],1042.83
[-0.1714024],1042.9
[-0.16786432],1043.04
[-0.18311065],1043.1
[-0.17861354],1043.18
[-0.16849095],1043.25
[-0.17194903],1043.32
[-0.15174133],1043.39
[-0.15615702],1043.46
[-0.17267603],1043.53
[-0.15736097],1043.59
[-0.15717936],1043.67
[-0.17833966],1043.81
[-0.16828078],1043.95
[-0.16243744],1044.08
[-0.16266984],1044.08
[-0.17806667],1044.16
[-0.18407315],1044.23
[-0.17306209],1044.3
[-0.16691118],1044.36
[-0.17335588],1044.44
[-0.18274742],1044.51
[-0.18259794],1044.58
[-0.17995268],1044.58
[-0.17354912],1044.65
[-0.17347479],1044.72
[-0.18153352],1044.85
[-0.17456573],1045.0
[-0.16614401],1045.14
[-0.15137368],1045.28
[-0.15042073],1045.34
[-0.11000663],1045.42
[-0.08759224],1045.49
[-0.10557643],1045.56
[-0.14011592],1045.63
[-0.12869507],1045.7
[-0.14055842],1045.77
[-0.1635502],1045.83
[-0.17623234],1045.83
[-0.1841873],1045.91
[-0.178918],1046.05
[-0.18516916],1046.19
[-0.17305857],1046.33
[-0.15877324],1046.33
[-0.15519226],1046.4
[-0.16664869],1046.47
[-0.17848724],1046.54
[-0.18448275],1046.6
[-0.18829358],1046.68
[-0.18932015],1046.75
[-0.19367969],1046.82
[-0.18819207],1046.89
[-0.18165332],1046.96
[-0.18533415],1047.09
[-0.18360609],1047.24
[-0.18116575],1047.38
[-0.17865068],1047.52
[-0.16254151],1047.58
[-0.14892739],1047.66
[-0.12686542],1047.73
[-0.15013522],1047.8
[-0.17770451],1047.86
[-0.16841525],1047.94
[-0.16766459],1048.01
[-0.17812413],1048.08
[-0.18503124],1048.15
[-0.18444866],1048.29
[-0.17907923],1048.43
[-0.1780675],1048.57
[-0.16682798],1048.64
[-0.14733511],1048.71
[-0.1650958],1048.78
[-0.16230917],1048.84
[-0.16669232],1048.92
[-0.16585684],1048.99
[-0.16067219],1049.06
[-0.16748089],1049.13
[-0.1664387],1049.2
[-0.15653634],1049.33
[-0.13120592],1049.33
[-0.13769668],1049.48
[-0.1599763],1049.61
[-0.1454863],1049.76
[-0.15041298],1049.83
[-0.1542055],1049.83
[-0.16944021],1049.9
[-0.17868918],1049.97
[-0.17354989],1050.04
[-0.17201144],1050.1
[-0.17903548],1050.18
[-0.18305522],1050.25
[-0.17816204],1050.32
[-0.17697704],1050.39
[-0.171462],1050.53
[-0.17795646],1050.67
[-0.17472321],1050.81
[-0.1695956],1050.88
[-0.18073457],1050.95
[-0.17651469],1051.02
[-0.19065249],1051.08
[-0.19397688],1051.08
[-0.19251162],1051.16
[-0.17818433],1051.23
[-0.18288344],1051.3
[-0.18822658],1051.36
[-0.19606858],1051.44
[-0.19843358],1051.58
[-0.19927198],1051.58
[-0.19237334],1051.72
[-0.19313234],1051.85
[-0.19556361],1052.0
[-0.19306535],1052.07
[-0.19601214],1052.14
[-0.19986182],1052.21
[-0.2034542],1052.28
[-0.19168955],1052.34
[-0.19505405],1052.42
[-0.19523484],1052.49
[-0.19389766],1052.56
[-0.19142765],1052.63
[-0.19167542],1052.77
[-0.19905472],1052.83
[-0.20098644],1052.91
[-0.19758242],1053.05
[-0.20558149],1053.19
[-0.20558178],1053.26
[-0.20248538],1053.33
[-0.2091127],1053.4
[-0.2131632],1053.47
[-0.21739268],1053.54
[-0.21415085],1053.6
[-0.2093615],1053.68
[-0.20775944],1053.82
[-0.20360917],1053.96
[-0.19565594],1054.09
[-0.19865674],1054.24
[-0.20542443],1054.31
[-0.2018938],1054.38
[-0.19972736],1054.45
[-0.20629823],1054.52
[-0.21063805],1054.58
[-0.21058947],1054.66
[-0.20532566],1054.73
[-0.20665014],1054.8
[-0.2068671],1054.86
[-0.21387988],1055.01
[-0.21201044],1055.08
[-0.2090413],1055.15
[-0.20742005],1055.29
[-0.19793671],1055.43
[-0.20023924],1055.5
[-0.20708507],1055.57
[-0.21017689],1055.64
[-0.20740885],1055.71
[-0.20215267],1055.78
[-0.20543438],1055.84
[-0.20218259],1055.92
[-0.20194703],1056.06
[-0.20658022],1056.2
[-0.20049644],1056.33
[-0.19168705],1056.33
[-0.19059044],1056.48
[-0.20266086],1056.55
[-0.19899225],1056.61
[-0.19852036],1056.69
[-0.1959551],1056.76
[-0.20004904],1056.83
[-0.2043404],1056.83
[-0.20859784],1056.9
[-0.19708532],1056.97
[-0.19077712],1057.04
[-0.19100338],1057.1
[-0.20322007],1057.25
[-0.204992],1057.39
[-0.20501363],1057.53
[-0.20623595],1057.67
[-0.20088261],1057.74
[-0.20120698],1057.81
[-0.20194614],1057.88
[-0.20292956],1057.95
[-0.20371729],1058.02
[-0.19651651],1058.08
[-0.19173306],1058.08
[-0.1858601],1058.16
[-0.2064541],1058.3
[-0.20593005],1058.44
[-0.20147926],1058.58
[-0.19716364],1058.58
[-0.20394522],1058.72
[-0.20928651],1058.79
[-0.20918351],1058.85
[-0.21062702],1058.93
[-0.20762074],1059.0
[-0.20347923],1059.07
[-0.19725764],1059.14
[-0.19490623],1059.21
[-0.20201373],1059.28
[-0.21247667],1059.34
[-0.21608478],1059.49
[-0.218894],1059.63
[-0.21581954],1059.77
[-0.21285093],1059.83
[-0.20190793],1059.91
[-0.1955424],1059.98
[-0.19405407],1060.05
[-0.19464046],1060.11
[-0.19452345],1060.19
[-0.19427222],1060.26
[-0.1951617],1060.33
[-0.19650722],1060.4
[-0.19763893],1060.54
[-0.20592517],1060.68
[-0.20807403],1060.82
[-0.20987755],1060.96
[-0.21024293],1061.03
[-0.20981693],1061.09
[-0.20135045],1061.17
[-0.19416994],1061.24
[-0.19661611],1061.31
[-0.19739377],1061.38
[-0.19761658],1061.45
[-0.19358474],1061.52
[-0.19188792],1061.58
[-0.19861692],1061.58
[-0.19665188],1061.73
[-0.19138199],1061.86
[-0.19872051],1062.01
[-0.20088714],1062.08
[-0.20373702],1062.08
[-0.19962305],1062.15
[-0.20583254],1062.22
[-0.20700544],1062.29
[-0.19404697],1062.35
[-0.18956888],1062.43
[-0.18649119],1062.5
[-0.18857008],1062.57
[-0.19154108],1062.64
[-0.18703979],1062.78
[-0.18578929],1062.92
[-0.19113094],1063.06
[-0.18999106],1063.2
[-0.18880683],1063.27
[-0.18218571],1063.33
[-0.17610413],1063.33
[-0.18265206],1063.41
[-0.18508995],1063.48
[-0.19115347],1063.55
[-0.19691622],1063.61
[-0.20318443],1063.69
[-0.20216745],1063.76
[-0.20013654],1063.83
[-0.19857961],1063.83
[-0.20134145],1063.97
[-0.19426113],1064.1
[-0.18541086],1064.25
[-0.18555504],1064.39
[-0.18702334],1064.46
[-0.18427771],1064.53
[-0.18184447],1064.59
[-0.19219989],1064.67
[-0.20309466],1064.74
[-0.19429535],1064.81
[-0.18360549],1064.88
[-0.17612994],1065.02
[-0.17018574],1065.08
[-0.18924445],1065.16
[-0.19303375],1065.3
[-0.18638778],1065.44
[-0.1881414],1065.51
[-0.1912744],1065.58
[-0.19108814],1065.58
[-0.1886527],1065.65
[-0.18685704],1065.72
[-0.17256683],1065.79
[-0.15686554],1065.85
[-0.17675269],1065.93
[-0.17509353],1066.0
[-0.18647784],1066.07
[-0.19490963],1066.21
[-0.19120425],1066.34
[-0.18480003],1066.49
[-0.18372434],1066.56
[-0.18584675],1066.63
[-0.180974],1066.7
[-0.1857912],1066.77
[-0.18700129],1066.83
[-0.18846035],1066.91
[-0.19337386],1066.98
[-0.18931454],1067.05
[-0.19072133],1067.11
[-0.18784314],1067.26
[-0.19581866],1067.33
[-0.19995451],1067.4
[-0.18742365],1067.54
[-0.18276125],1067.68
[-0.18763787],1067.75
[-0.18645513],1067.82
[-0.18590778],1067.89
[-0.19071585],1067.96
[-0.19323081],1068.03
[-0.18965548],1068.09
[-0.18450004],1068.17
[-0.18553],1068.24
[-0.18940729],1068.31
[-0.1960668],1068.45
[-0.19120145],1068.58
[-0.1903162],1068.58
[-0.19152361],1068.73
[-0.19528139],1068.8
[-0.19181871],1068.86
[-0.18780297],1068.94
[-0.17956513],1069.01
[-0.17436928],1069.08
[-0.18210399],1069.08
[-0.19239575],1069.15
[-0.1822688],1069.22
[-0.18421787],1069.29
[-0.18506849],1069.35
[-0.18656766],1069.43
[-0.1715579],1069.5
[-0.17307001],1069.64
[-0.1897105],1069.78
[-0.17905533],1069.92
[-0.17981559],1069.99
[-0.15954107],1070.06
[-0.16765577],1070.13
[-0.18078822],1070.2
[-0.17936611],1070.27
[-0.18712217],1070.33
[-0.19252878],1070.33
[-0.19462603],1070.41
[-0.19246304],1070.48
[-0.18505877],1070.55
[-0.18309122],1070.69
[-0.19136477],1070.83
[-0.193762],1070.83
[-0.19020408],1070.97
[-0.18274212],1071.04
[-0.16645765],1071.1
[-0.15113717],1071.18
[-0.15204829],1071.25
[-0.14403492],1071.32
[-0.15975553],1071.39
[-0.18721223],1071.46
[-0.16556686],1071.53
[-0.08749151],1071.59
[-0.05147094],1071.74
[-0.10202599],1071.88
[-0.16032785],1072.02
[-0.1772384],1072.08
[-0.18522161],1072.16
[-0.14610618],1072.23
[-0.11810762],1072.3
[-0.10253948],1072.36
[-0.13928193],1072.44
[-0.18166834],1072.51
[-0.1802972],1072.58
[-0.16160554],1072.65
[-0.16710514],1072.72
[-0.18029058],1072.79
[-0.17421126],1072.93
[-0.1729806],1073.07
[-0.16164392],1073.21
[-0.15702724],1073.28
[-0.18274039],1073.34
[-0.18866688],1073.42
[-0.19169104],1073.49
[-0.16828364],1073.56
[-0.1628027],1073.63
[-0.15777683],1073.7
[-0.1348589],1073.77
[-0.1082558],1073.83
[-0.07164609],1073.83
[-0.02848542],1073.98
[-0.04699779],1074.11
[-0.0603978],1074.26
[-0.12359673],1074.33
[-0.17505372],1074.4
[-0.18483531],1074.47
[-0.18520218],1074.54
[-0.18101841],1074.6
[-0.16661316],1074.68
[-0.17812437],1074.75
[-0.18294626],1074.82
[-0.17882508],1074.89
[-0.15991545],1074.96
[-0.16647512],1075.03
[-0.18672127],1075.17
[-0.17926306],1075.31
[-0.18675601],1075.45
[-0.17367983],1075.52
[-0.15807486],1075.58
[-0.14048368],1075.58
[-0.09628201],1075.66
[-0.09821087],1075.73
[-0.14435929],1075.8
[-0.13240302],1075.86
[-0.09274131],1075.94
[-0.10769591],1076.01
[-0.13458169],1076.08
[-0.16512531],1076.08
[-0.151375],1076.22
[-0.12578267],1076.35
[-0.11781815],1076.5
[-0.14156526],1076.64
[-0.18073791],1076.71
[-0.18696356],1076.78
[-0.18965691],1076.84
[-0.14804554],1076.92
[-0.05225277],1076.99
[-0.04193628],1077.06
[-0.06957692],1077.13
[-0.10775766],1077.2
[-0.08808357],1077.27
[-0.11712432],1077.33
[-0.16444403],1077.41
[-0.16895467],1077.55
[-0.18089467],1077.69
[-0.17951494],1077.76
[-0.15676439],1077.83
[-0.13927811],1077.83
[-0.10989207],1077.9
[-0.11117804],1077.97
[-0.1607666],1078.04
[-0.1729021],1078.1
[-0.15156454],1078.18
[-0.12794104],1078.25
[-0.07846475],1078.32
[-0.06882262],1078.46
[-0.09233215],1078.59
[-0.16240627],1078.74
[-0.18750435],1078.88
[-0.14821786],1078.95
[-0.10406923],1079.02
[-0.07358256],1079.08
[-0.15852559],1079.16
[-0.1709969],1079.23
[-0.12968624],1079.3
[-0.10253227],1079.36
[-0.14894408],1079.44
[-0.18404603],1079.51
[-0.19025892],1079.58
[-0.18851513],1079.65
[-0.18994862],1079.79
[-0.10274798],1079.93
[-0.02550015],1080.0
[-0.01561671],1080.07
[-0.02203009],1080.14
[-0.0807671],1080.21
[-0.13515651],1080.28
[-0.1681642],1080.34
[-0.16148072],1080.42
[-0.16413236],1080.49
[-0.16988873],1080.56
[-0.16843635],1080.7
[-0.14585435],1080.83
[-0.148305],1080.83
[-0.14096886],1080.98
[-0.11337584],1081.11
[-0.07292613],1081.19
[-0.04327655],1081.26
[-0.01128933],1081.33
[-0.00122407],1081.33
[0.00494331],1081.4
[-0.01539147],1081.47
[-0.08140665],1081.54
[-0.09445632],1081.6
[-0.0583891],1081.68
[-0.02241135],1081.75
[-0.05544174],1081.89
[-0.06510144],1082.03
[-0.02601647],1082.17
[-0.00857306],1082.24
[0.00313562],1082.31
[0.00516462],1082.38
[-0.01648784],1082.45
[-0.01884902],1082.52
[-0.01507968],1082.58
[-0.00535122],1082.58
[0.01868498],1082.66
[-0.026005],1082.73
[-0.06580716],1082.8
[-0.1097852],1082.94
[-0.11120689],1083.08
[-0.09990287],1083.08
[-0.04533958],1083.22
[-0.00824884],1083.35
[-0.01848534],1083.43
[-0.02227598],1083.5
[-0.0389449],1083.57
[-0.05360264],1083.64
[-0.04123598],1083.71
[-0.03652465],1083.78
[-0.00323164],1083.84
[-0.02773073],1083.92
[0.02092275],1083.99
[0.03055918],1084.13
[-0.00144237],1084.27
[-0.00761777],1084.33
[-0.00317129],1084.41
[-0.0024718],1084.48
[-0.00137311],1084.55
[-0.03078395],1084.61
[-0.00552294],1084.69
[0.00835311],1084.76
[0.0191285],1084.83
[0.03313735],1084.9
[0.03655857],1084.97
[0.05288017],1085.04
[0.05505946],1085.1
[0.02671471],1085.18
[-0.03033167],1085.32
[-0.06120634],1085.46
[-0.06784177],1085.59
[-0.05501714],1085.67
[-0.03085721],1085.74
[-0.0109219],1085.81
[-0.01543212],1085.88
[-0.00231045],1085.95
[0.03476501],1086.02
[0.01666769],1086.08
[-0.00473407],1086.08
[-0.00370741],1086.16
[-0.00040293],1086.23
[0.00513184],1086.36
[-0.00092754],1086.51
[-0.01807994],1086.58
[-0.00901461],1086.65
[-0.00505298],1086.72
[-0.01475075],1086.79
[-0.0050821],1086.85
[-0.01409453],1086.93
[0.00751728],1087.0
[0.03647745],1087.07
[0.04383093],1087.14
[0.01710331],1087.21
[-0.03258628],1087.28
[-0.00955746],1087.34
[3.20673e-05],1087.42
[-0.00820661],1087.56
[-0.01718181],1087.7
[-0.03165013],1087.83
[-0.03742874],1087.83
[-0.08150989],1087.91
[-0.14028889],1087.98
[-0.10329956],1088.05
[-0.03279299],1088.11
[-0.01662463],1088.19
[-0.0582701],1088.26
[-0.13987225],1088.33
[-0.1911242],1088.33
[-0.19263625],1088.4
[-0.16267794],1088.47
[-0.18104601],1088.6
[-0.0216226],1088.75
[0.00252321],1088.89
[-0.04921156],1088.96
[-0.06962603],1089.03
[-0.07664949],1089.09
[-0.1343754],1089.17
[-0.17415738],1089.24
[-0.1951322],1089.31
[-0.19296044],1089.38
[-0.19502479],1089.45
[-0.19810915],1089.52
[-0.20028657],1089.58
[-0.20036536],1089.58
[-0.20003444],1089.66
[-0.19925958],1089.8
[-0.20129293],1089.94
[-0.15049428],1090.08
[-0.05824533],1090.08
[-0.03619096],1090.15
[-0.08080727],1090.22
[-0.15943784],1090.29
[-0.1711765],1090.35
[-0.15532225],1090.43
[-0.1298756],1090.5
[-0.1207853],1090.57
[-0.13567644],1090.64
[-0.13919562],1090.71
[-0.16890955],1090.84
[-0.17768186],1090.99
[-0.12393609],1091.13
[-0.15075153],1091.2
[-0.17894489],1091.27
[-0.13528055],1091.33
[-0.10241729],1091.41
[-0.07083461],1091.48
[-0.11873108],1091.55
[-0.18485141],1091.61
[-0.1869188],1091.69
[-0.16670114],1091.76
[-0.0961743],1091.83
[-0.08493167],1091.9
[-0.04537368],1092.04
[0.01163584],1092.18
[-0.01142412],1092.32
[-0.00013798],1092.39
[0.04177189],1092.46
[0.06278855],1092.53
[0.0367763],1092.59
[0.00528869],1092.67
[0.02612692],1092.74
[0.01550281],1092.81
[-0.01707536],1092.88
[-0.0682117],1092.95
[-0.09878594],1093.08
[-0.10190848],1093.08
[-0.03628987],1093.23
[-0.01418942],1093.36
[0.01722115],1093.51
[0.01511848],1093.58
[-0.00252199],1093.58
[-0.01914945],1093.65
[-0.03816223],1093.72
[-0.01713109],1093.79
[-0.00255966],1093.85
[-0.02200162],1093.93
[-0.08416629],1094.0
[-0.04833952],1094.14
[-0.05625656],1094.28
[-0.05897668],1094.42
[-0.05786097],1094.56
[-0.07669085],1094.63
[-0.12505502],1094.7
[-0.0646109],1094.77
[-0.01322973],1094.83
[0.01620314],1094.83
[0.00978231],1094.91
[-0.06663746],1094.98
[-0.10898226],1095.05
[-0.05513623],1095.11
[-0.05103809],1095.19
[-0.06794143],1095.33
[-0.1017099],1095.33
[-0.07308394],1095.47
[-0.02016598],1095.6
[-0.00703725],1095.68
[-0.00577307],1095.75
[0.02924362],1095.82
[0.02509075],1095.89
[-0.00754952],1095.96
[-0.07119697],1096.03
[-0.03436536],1096.09
[0.02118236],1096.17
[0.03618938],1096.24
[0.02206051],1096.31
[-0.0380885],1096.38
[-0.01292226],1096.52
[-0.0123896],1096.58
[-0.04292023],1096.66
[-0.04079306],1096.8
[-0.01653212],1096.86
[0.00114787],1096.94
[0.00334537],1097.01
[-0.0057109],1097.08
[0.01606393],1097.15
[0.02097577],1097.22
[0.00910696],1097.29
[-0.03365362],1097.35
[-0.0613066],1097.43
[-0.06999022],1097.57
[-0.10327223],1097.71
[-0.05878535],1097.84
[-0.03142187],1097.92
[-0.04269147],1097.99
[-0.05601531],1098.06
[-0.02928382],1098.13
[0.00960183],1098.2
[0.01492846],1098.27
[0.0192197],1098.33
[0.0196448],1098.41
[0.03309232],1098.48
[0.02546674],1098.61
[0.00247782],1098.76
[0.02659327],1098.83
[0.02954832],1098.9
[0.01908395],1099.04
[-0.00282618],1099.1
[0.01855022],1099.18
[0.02503955],1099.25
[0.04377282],1099.32
[0.02040642],1099.39
[0.03005362],1099.46
[0.05167961],1099.53
[0.00998557],1099.59
[-0.07765839],1099.67
[-0.05744362],1099.81
[-0.06059986],1099.95
[0.00049672],1100.08
[0.04269019],1100.08
[0.06197843],1100.16
[0.07024103],1100.23
[0.05677241],1100.3
[0.05017704],1100.36
[0.02873665],1100.44
[0.03493291],1100.51
[0.03953537],1100.58
[0.03512073],1100.58
[0.03954539],1100.65
[0.03694153],1100.72
[0.04911453],1100.85
[0.0519222],1101.0
[0.03344434],1101.14
[0.00341296],1101.28
[-0.02059448],1101.34
[-0.03679276],1101.42
[0.00078917],1101.49
[-0.04603502],1101.56
[-0.0849711],1101.63
[-0.09559679],1101.7
[-0.06389984],1101.77
[-0.01071548],1101.83
[0.00584832],1101.83
[0.01685578],1101.91
[-0.00746793],1102.05
[0.02430737],1102.19
[0.02059609],1102.33
[-0.01077589],1102.33
[-0.05044889],1102.4
[-0.01288936],1102.47
[0.04129696],1102.54
[0.05125692],1102.6
[0.03920949],1102.68
[0.0124703],1102.75
[0.02206099],1102.82
[0.04586577],1102.89
[0.04611552],1102.96
[0.03287059],1103.09
[0.04075617],1103.24
[0.04082924],1103.38
[0.05720079],1103.52
[0.0554173],1103.58
[0.04999205],1103.66
[0.02847236],1103.73
[0.01830286],1103.8
[0.03368974],1103.86
[0.0461708],1103.94
[0.03721154],1104.01
[-0.01722807],1104.08
[-0.02069241],1104.15
[0.03378069],1104.29
[0.02064964],1104.43
[0.00224316],1104.57
[-0.01550266],1104.64
[-0.0436781],1104.71
[-0.05759397],1104.78
[-0.02073577],1104.84
[0.02021837],1104.92
[0.02790838],1104.99
[0.00847331],1105.06
[0.01751378],1105.13
[0.01993722],1105.2
[-0.02114666],1105.33
[-0.11609346],1105.33
[-0.05306804],1105.48
[0.00152326],1105.61
[-0.02881658],1105.76
[-0.02537721],1105.83
[-0.01101458],1105.83
[0.02530643],1105.9
[0.03019744],1105.97
[0.02827072],1106.04
[-0.01146975],1106.1
[-0.05711657],1106.18
[-0.00153264],1106.25
[0.03306395],1106.32
[0.03347939],1106.39
[0.0406335],1106.53
[0.01003179],1106.67
[-0.05589741],1106.81
[-0.02624089],1106.88
[0.00260803],1106.95
[0.01700538],1107.02
[0.00231317],1107.08
[-0.00846022],1107.08
[-0.01984632],1107.16
[0.00118366],1107.23
[0.00063151],1107.3
[-0.00774401],1107.36
[-0.00973111],1107.44
[0.02586111],1107.58
[0.04818738],1107.58
[0.03235722],1107.72
[0.01252365],1107.85
[0.01462442],1108.0
[-0.03665221],1108.07
[-0.05072439],1108.14
[-0.03172478],1108.21
[-0.01695526],1108.28
[0.0023002],1108.34
[-0.01532671],1108.42
[-0.04186809],1108.49
[-0.02766889],1108.56
[-0.01611578],1108.63
[-0.00953591],1108.77
[0.03261772],1108.83
[0.04696739],1108.91
[0.03175449],1109.05
[0.0182302],1109.19
[0.04815343],1109.26
[0.04609796],1109.33
[0.03774029],1109.4
[0.00868958],1109.47
[0.00674868],1109.54
[0.03354371],1109.6
[0.03677693],1109.68
[0.00205314],1109.82
[0.01658192],1109.96
[-0.01175362],1110.09
[-0.00977814],1110.24
[0.02064782],1110.31
[0.01077163],1110.38
[-0.04473868],1110.45
[-0.12346116],1110.52
[-0.14421439],1110.58
[-0.10053039],1110.66
[-0.05124182],1110.73
[-0.0493989],1110.8
[-0.04203582],1110.86
[-0.01697338],1111.01
[-0.00557297],1111.08
[-0.00898248],1111.15
[0.02188361],1111.29
[0.02122951],1111.43
[-0.02286333],1111.5
[-0.03542739],1111.57
[-0.00906888],1111.64
[0.00199953],1111.71
[-0.02340066],1111.78
[-0.04859412],1111.84
[-0.0333277],1111.92
[-0.03845233],1112.06
[-0.05333698],1112.2
[-0.01420653],1112.33
[0.0050962],1112.33
[-0.00127816],1112.48
[-0.03015068],1112.55
[-0.0222792],1112.61
[0.00224632],1112.69
[-0.00821567],1112.76
[-0.10546058],1112.83
[-0.18894428],1112.83
[-0.18049723],1112.9
[-0.0711081],1112.97
[-0.0142509],1113.04
[-0.05154204],1113.1
[-0.09062326],1113.25
[-0.05170101],1113.39
[-0.04540941],1113.53
[-0.01788858],1113.67
[-0.02625924],1113.74
[-0.05462778],1113.81
[-0.08898127],1113.88
[-0.03391135],1113.95
[0.0016754],1114.02
[-0.00997341],1114.08
[-0.0094035],1114.08
[-0.01874191],1114.16
[0.01707941],1114.3
[0.02319908],1114.44
[-0.00471705],1114.58
[-0.03999746],1114.58
[-0.02443802],1114.72
[-0.00754732],1114.79
[-0.01620093],1114.85
[-0.01118064],1114.93
[0.01639706],1115.0
[0.01528162],1115.07
[0.00115284],1115.14
[-0.01560384],1115.21
[-0.00068024],1115.28
[0.01605618],1115.34
[-0.00572163],1115.49
[0.00375593],1115.63
[0.00887322],1115.77
[-0.00881374],1115.83
[-0.04003069],1115.91
[-0.01295561],1115.98
[0.02325317],1116.05
[0.03660744],1116.11
[0.01138097],1116.19
[-0.00324586],1116.26
[0.02088478],1116.33
[0.02696294],1116.4
[0.00145668],1116.54
[0.0217661],1116.68
[0.00122625],1116.82
[-0.00296533],1116.96
[0.02932221],1117.03
[0.03684717],1117.09
[0.02371272],1117.17
[-0.01444],1117.24
[-0.03085208],1117.31
[-0.0262199],1117.38
[-0.0073089],1117.45
[-0.00506163],1117.52
[0.02979845],1117.58
[0.05093113],1117.58
[0.06140983],1117.73
[0.03111053],1117.86
[0.03580225],1118.01
[0.03480837],1118.08
[0.03635782],1118.08
[0.02775225],1118.15
[0.01431835],1118.22
[0.01308247],1118.29
[0.03422314],1118.35
[0.03894663],1118.43
[0.03369239],1118.5
[0.01290816],1118.57
[0.01331663],1118.64
[0.03337479],1118.78
[0.0144715],1118.92
[0.03907755],1119.06
[0.03657749],1119.2
[0.03261977],1119.27
[0.0415884],1119.33
[0.04470798],1119.33
[0.04603523],1119.41
[0.04603809],1119.48
[0.02997363],1119.55
[0.01611066],1119.61
[0.03493437],1119.69
[0.04558197],1119.76
[0.03944027],1119.83
[0.03246039],1119.83
[0.03420511],1119.97
[0.05204207],1120.1
[-0.00295737],1120.25
[0.01975268],1120.39
[0.01814967],1120.46
[0.0187532],1120.53
[-0.00829369],1120.59
[0.02874899],1120.67
[0.05518603],1120.74
[0.04165059],1120.81
[0.03541428],1120.88
[0.05154377],1121.02
[0.04574701],1121.08
[0.01541632],1121.16
[0.00322098],1121.3
[0.02264327],1121.44
[0.02042842],1121.51
[0.00599611],1121.58
[-0.02062458],1121.58
[-0.04855558],1121.65
[0.01304874],1121.72
[0.03937304],1121.79
[0.04227138],1121.85
[0.02367151],1121.93
[0.02413291],1122.0
[0.04627421],1122.07
[0.03470212],1122.21
[0.02719516],1122.34
[0.01309705],1122.49
[-0.00237557],1122.56
[-0.06041002],1122.63
[-0.02535141],1122.7
[0.01917726],1122.77
[-0.01040697],1122.83
[-0.01917079],1122.91
[-0.05863798],1122.98
[-0.01167482],1123.05
[0.0296582],1123.11
[0.0132435],1123.26
[-0.00267589],1123.33
[0.01989973],1123.4
[0.01343605],1123.54
[0.00579107],1123.68
[0.02056146],1123.75
[0.03326714],1123.82
[0.02232578],1123.89
[-0.02574086],1123.96
[-0.03208792],1124.03
[-0.01902327],1124.09
[-0.00107232],1124.17
[-0.00436646],1124.24
[-0.02238178],1124.31
[0.00731134],1124.45
[-0.02367464],1124.58
[-0.03998059],1124.58
[0.00854427],1124.73
[0.0245533],1124.8
[0.0111146],1124.86
[-0.00516132],1124.94
[0.00710782],1125.01
[0.03605765],1125.08
[0.0493038],1125.08
[0.05842376],1125.15
[0.0472641],1125.22
[0.02031809],1125.29
[0.00722665],1125.35
[0.01419371],1125.43
[0.02443331],1125.5
[0.00401744],1125.64
[0.01090431],1125.78
[0.00858468],1125.92
[-0.01160079],1125.99
[-0.00609368],1126.06
[0.00531971],1126.13
[-0.00590265],1126.2
[-0.02146339],1126.27
[0.01003113],1126.33
[0.02527913],1126.33
[0.03961897],1126.41
[0.04958886],1126.48
[0.04497665],1126.55
[0.0096764],1126.69
[0.02434278],1126.83
[0.04594445],1126.83
[0.03016824],1126.97
[0.01823622],1127.04
[0.02382314],1127.1
[0.03406876],1127.18
[0.02462506],1127.25
[0.00325894],1127.32
[-0.008751],1127.39
[0.03425539],1127.46
[0.02822024],1127.53
[0.01133019],1127.59
[0.02928346],1127.74
[0.01961923],1127.88
[-0.01174152],1128.02
[-0.01329124],1128.08
[0.00224367],1128.16
[0.01193029],1128.23
[-0.00400347],1128.3
[-0.0356718],1128.36
[-0.00389254],1128.44
[0.02683449],1128.51
[0.03528965],1128.58
[0.01571092],1128.65
[-7.992983e-05],1128.72
[0.02288643],1128.79
[0.02676177],1128.93
[0.02550781],1129.07
[0.01076031],1129.21
[-0.00682706],1129.28
[-0.01934427],1129.34
[0.01316714],1129.42
[0.02710575],1129.49
[0.0229668],1129.56
[0.00743651],1129.63
[-0.01214126],1129.7
[0.00622511],1129.77
[-0.00383025],1129.83
[-0.00968319],1129.83
[-0.01534513],1129.98
[0.03575456],1130.11
[0.03747773],1130.26
[-0.00317937],1130.33
[-0.01930761],1130.4
[0.03256828],1130.47
[0.0505023],1130.54
[0.03092813],1130.6
[0.01455387],1130.68
[0.02432933],1130.75
[0.04404461],1130.82
[0.04828346],1130.89
[0.03444561],1130.96
[0.00474027],1131.03
[0.03077722],1131.17
[0.03278369],1131.31
[0.04022735],1131.45
[0.05387551],1131.52
[0.0395914],1131.58
[0.02089566],1131.58
[-0.02076787],1131.66
[-0.04517895],1131.73
[-0.00136578],1131.8
[0.03075883],1131.86
[0.04023999],1131.94
[0.02328187],1132.01
[0.01308894],1132.08
[-0.0146057],1132.08
[0.01250517],1132.22
[0.01617604],1132.35
[0.04189584],1132.5
[0.03408015],1132.64
[0.01961625],1132.71
[0.02390379],1132.78
[0.03364795],1132.84
[0.04085791],1132.92
[0.03843212],1132.99
[-0.00044593],1133.06
[0.02342123],1133.13
[0.04193234],1133.2
[0.04115245],1133.27
[0.02746513],1133.33
[0.0325214],1133.41
[0.05278894],1133.55
[0.03192523],1133.69
[0.02646315],1133.76
[0.04406536],1133.83
[0.06164616],1133.83
[0.06564748],1133.9
[0.06200546],1133.97
[0.03436866],1134.04
[0.03082022],1134.1
[0.03977388],1134.18
[0.03887808],1134.25
[0.04596794],1134.32
[0.06363612],1134.46
[0.05679452],1134.59
[0.03739548],1134.74
[0.05122316],1134.88
[0.04329962],1134.95
[0.03131819],1135.02
[0.04634404],1135.08
[0.05798692],1135.16
[0.06539339],1135.23
[0.05558041],1135.3
[0.03236806],1135.36
[0.00526136],1135.44
[0.03073457],1135.51
[0.04545432],1135.58
[0.04143733],1135.65
[0.04351723],1135.79
[0.05607757],1135.93
[0.04273516],1136.0
[0.02506435],1136.07
[0.03390723],1136.14
[0.04894626],1136.21
[0.05039075],1136.28
[0.04192382],1136.34
[0.02604821],1136.42
[0.04458508],1136.49
[0.05570048],1136.56
[0.05156761],1136.7
[0.06416768],1136.83
[0.06556842],1136.83
[0.05740902],1136.98
[0.04409522],1137.11
[0.06507373],1137.19
[0.06847483],1137.26
[0.06130803],1137.33
[0.05794448],1137.33
[0.04945445],1137.4
[0.0479261],1137.47
[0.05873585],1137.54
[0.06348687],1137.6
[0.05906215],1137.68
[0.04832858],1137.75
[0.06723416],1137.89
[0.05763274],1138.03
[0.07023641],1138.17
[0.07882041],1138.24
[0.06452221],1138.31
[0.05624384],1138.38
[0.02899742],1138.45
[0.05050814],1138.52
[0.05439842],1138.58
[0.05886579],1138.58
[0.05613846],1138.66
[0.05041188],1138.73
[0.05317387],1138.8
[0.06009755],1138.94
[0.04420406],1139.08
[0.0338704],1139.08
[0.05725449],1139.22
[0.06039032],1139.35
[0.04749417],1139.43
[0.05894089],1139.5
[0.07061613],1139.57
[0.06665668],1139.64
[0.0634442],1139.71
[0.05159295],1139.78
[0.06211245],1139.84
[0.056261],1139.92
[0.07168227],1139.99
[0.06139591],1140.13
[0.0726766],1140.27
[0.05419952],1140.33
[0.04383504],1140.41
[0.04731035],1140.48
[0.06844878],1140.55
[0.07463974],1140.61
[0.06840384],1140.69
[0.05691889],1140.76
[0.05558103],1140.83
[0.07015979],1140.9
[0.07072604],1140.97
[0.06721714],1141.04
[0.05322093],1141.1
[0.05473801],1141.18
[0.06339341],1141.32
[0.04743809],1141.46
[0.06444097],1141.59
[0.06392822],1141.67
[0.05893588],1141.74
[0.04439536],1141.81
[0.05834866],1141.88
[0.07124045],1141.95
[0.06290966],1142.02
[0.04978544],1142.08
[0.04807088],1142.08
[0.05075079],1142.16
[0.06876832],1142.23
[0.0614714],1142.36
[0.04599875],1142.51
[0.06050423],1142.58
[0.0662542],1142.65
[0.05837539],1142.72
[0.04704115],1142.79
[0.04535049],1142.85
[0.06064582],1142.93
[0.05878627],1143.0
[0.05595976],1143.07
[0.04423529],1143.14
[0.05089563],1143.21
[0.07080215],1143.28
[0.0701071],1143.34
[0.0581066],1143.42
[0.06330186],1143.56
[0.06540692],1143.7
[0.07226321],1143.83
[0.07954413],1143.83
[0.08542061],1143.91
[0.0887675],1143.98
[0.07846141],1144.05
[0.0564878],1144.11
[0.03877604],1144.19
[0.05394328],1144.26
[0.06829464],1144.33
[0.07077131],1144.33
[0.06067824],1144.4
[0.04571277],1144.47
[0.06080204],1144.6
[0.05885112],1144.75
[0.06362832],1144.89
[0.08253258],1144.96
[0.0846144],1145.03
[0.07775825],1145.09
[0.05204761],1145.17
[0.06550699],1145.24
[0.0672071],1145.31
[0.06889543],1145.38
[0.06414813],1145.45
[0.05209139],1145.52
[0.06498253],1145.58
[0.07125416],1145.58
[0.07240194],1145.66
[0.06352204],1145.8
[0.07326531],1145.94
[0.06758773],1146.08
[0.06267735],1146.08
[0.05160004],1146.15
[0.04534614],1146.22
[0.06537816],1146.29
[0.06941849],1146.35
[0.06847203],1146.43
[0.048118],1146.5
[0.05355036],1146.57
[0.06616902],1146.64
[0.06668651],1146.71
[0.0599151],1146.84
[0.07881349],1146.99
[0.05390215],1147.13
[0.04703262],1147.2
[0.06526631],1147.27
[0.06620386],1147.33
[0.0577051],1147.41
[0.05381486],1147.48
[0.05226937],1147.55
[0.06790721],1147.61
[0.07402688],1147.69
[0.07041609],1147.76
[0.05597955],1147.83
[0.05378208],1147.9
[0.05649525],1148.04
[0.04864556],1148.18
[0.06672996],1148.32
[0.06349254],1148.39
[0.05311871],1148.46
[0.04079261],1148.53
[0.05991173],1148.59
[0.06829244],1148.67
[0.06215703],1148.74
[0.05378169],1148.81
[0.03731376],1148.88
[0.05088967],1148.95
[0.04393423],1149.08
[0.04087943],1149.08
[0.03676093],1149.23
[0.0502246],1149.36
[0.04395312],1149.51
[0.04035074],1149.58
[0.04001218],1149.58
[0.0609225],1149.65
[0.06333527],1149.72
[0.05522725],1149.79
[0.03558779],1149.85
[0.04080015],1149.93
[0.06571156],1150.0
[0.05553144],1150.14
[0.06466466],1150.28
[0.05742061],1150.42
[0.03971636],1150.56
[0.05653676],1150.63
[0.0670476],1150.7
[0.06090772],1150.77
[0.04886356],1150.83
[0.04571921],1150.83
[0.0392383],1150.91
[0.06504315],1150.98
[0.06280217],1151.05
[0.05764365],1151.11
[0.04735494],1151.19
[0.06540447],1151.33
[0.0769707],1151.33
[0.06571841],1151.47
[0.05622733],1151.6
[0.04988348],1151.75
[0.04832804],1151.82
[0.03075024],1151.89
[0.04842144],1151.96
[0.06537068],1152.03
[0.05877626],1152.09
[0.05774522],1152.17
[0.04787952],1152.24
[0.06307906],1152.31
[0.07163781],1152.38
[0.06429088],1152.52
[0.0662204],1152.58
[0.08319294],1152.66
[0.07496339],1152.8
[0.06020954],1152.86
[0.05109602],1152.94
[0.06836817],1153.01
[0.07263419],1153.08
[0.06890386],1153.15
[0.05358833],1153.22
[0.05498177],1153.29
[0.0709511],1153.35
[0.07087716],1153.43
[0.05385578],1153.57
[0.06712896],1153.71
[0.05702698],1153.84
[0.04354081],1153.92
[0.06172925],1153.99
[0.07339412],1154.06
[0.0713304],1154.13
[0.05297589],1154.2
[0.04689109],1154.27
[0.06292999],1154.33
[0.07303977],1154.41
[0.06845969],1154.48
[0.05207276],1154.61
[0.06263599],1154.76
[0.05872953],1154.83
[0.05266166],1154.9
[0.07191187],1155.04
[0.07042113],1155.1
[0.06597233],1155.18
[0.05419892],1155.25
[0.05795929],1155.32
[0.07217038],1155.39
[0.06468138],1155.46
[0.06086075],1155.53
[0.05160636],1155.59
[0.06724393],1155.67
[0.06459713],1155.81
[0.04772705],1155.95
[0.05359587],1156.08
[0.05575734],1156.08
[0.06098181],1156.16
[0.05606681],1156.23
[0.04557756],1156.3
[0.06551507],1156.36
[0.08133048],1156.44
[0.06887707],1156.51
[0.05338889],1156.58
[0.0492436],1156.58
[0.05227733],1156.65
[0.07092029],1156.72
[0.06720927],1156.85
[0.06580776],1157.0
[0.06669334],1157.14
[0.04779106],1157.28
[0.06329295],1157.34
[0.07028881],1157.42
[0.06960559],1157.49
[0.06122255],1157.56
[0.04716092],1157.63
[0.06387946],1157.7
[0.07549888],1157.77
[0.06343603],1157.83
[0.05249161],1157.83
[0.04617512],1157.91
[0.05923426],1158.05
[0.06054077],1158.19
[0.06443536],1158.33
[0.06050777],1158.33
[0.06531221],1158.4
[0.07289732],1158.47
[0.06878763],1158.54
[0.05555922],1158.6
[0.05610245],1158.68
[0.07010216],1158.75
[0.07658091],1158.82
[0.06930858],1158.89
[0.06323719],1158.96
[0.06426376],1159.09
[0.06539357],1159.24
[0.07759863],1159.38
[0.07072702],1159.52
[0.06148258],1159.58
[0.05102393],1159.66
[0.06493893],1159.73
[0.068308],1159.8
[0.07124457],1159.86
[0.06294799],1159.94
[0.05201209],1160.01
[0.07444865],1160.08
[0.0777109],1160.15
[0.06396803],1160.29
[0.07366946],1160.43
[0.07290119],1160.57
[0.05900997],1160.64
[0.06525353],1160.71
[0.07600281],1160.78
[0.07452965],1160.84
[0.07301015],1160.92
[0.05152246],1160.99
[0.06931302],1161.06
[0.07677549],1161.13
[0.0757131],1161.2
[0.084932],1161.33
[0.0884586],1161.33
[0.08682996],1161.48
[0.06836724],1161.61
[0.07798612],1161.76
[0.08098692],1161.83
[0.07816315],1161.83
[0.07486922],1161.9
[0.04851532],1161.97
[0.05939597],1162.04
[0.0665046],1162.1
[0.074534],1162.18
[0.06952322],1162.25
[0.05295271],1162.32
[0.05742711],1162.39
[0.05776536],1162.53
[0.05134064],1162.67
[0.06525141],1162.81
[0.07456672],1162.88
[0.06790847],1162.95
[0.05339521],1163.02
[0.06300142],1163.08
[0.06816724],1163.08
[0.07653868],1163.16
[0.06874669],1163.23
[0.06326702],1163.3
[0.05303276],1163.36
[0.0693565],1163.44
[0.07029414],1163.58
[0.06681365],1163.58
[0.06473094],1163.72
[0.06685871],1163.85
[0.05861947],1164.0
[0.06303358],1164.07
[0.07441655],1164.14
[0.07092822],1164.21
[0.063602],1164.28
[0.05445945],1164.34
[0.06388125],1164.42
[0.07399571],1164.49
[0.06772125],1164.56
[0.06594431],1164.63
[0.07279727],1164.77
[0.05964023],1164.83
[0.06757504],1164.91
[0.0593847],1165.05
[0.0668585],1165.19
[0.06469464],1165.26
[0.05330896],1165.33
[0.05495334],1165.4
[0.07735336],1165.47
[0.07838142],1165.54
[0.06361145],1165.6
[0.06475025],1165.68
[0.07349133],1165.82
[0.070169],1165.96
[0.07672316],1166.09
[0.06758401],1166.24
[0.06105882],1166.31
[0.04995722],1166.38
[0.06672382],1166.45
[0.06981093],1166.52
[0.06215858],1166.58
[0.05672669],1166.66
[0.05090258],1166.73
[0.06793252],1166.8
[0.07021862],1166.86
[0.0641287],1167.01
[0.0588232],1167.08
[0.07398725],1167.15
[0.07572693],1167.29
[0.06802699],1167.43
[0.07768196],1167.5
[0.0676831],1167.57
[0.06991488],1167.64
[0.03984922],1167.71
[0.05026907],1167.78
[0.06676006],1167.84
[0.0579218],1167.92
[0.04046184],1168.06
[0.04908136],1168.2
[0.04441622],1168.33
[0.04309455],1168.33
[0.05887228],1168.48
[0.05784419],1168.55
[0.04974139],1168.61
[0.04290003],1168.69
[0.03969705],1168.76
[0.05496526],1168.83
[0.06653813],1168.83
[0.06200612],1168.9
[0.05748549],1168.97
[0.04121423],1169.04
[0.03134173],1169.1
[0.02384982],1169.25
[0.01930225],1169.39
[0.03766742],1169.53
[0.03894666],1169.67
[0.02891284],1169.74
[0.04744157],1169.81
[0.0527572],1169.88
[0.04949656],1169.95
[0.04572046],1170.02
[0.05535346],1170.08
[0.06428123],1170.08
[0.07206312],1170.16
[0.05929714],1170.3
[0.04988354],1170.44
[0.04704654],1170.58
[0.04739639],1170.58
[0.04252142],1170.72
[0.045614],1170.79
[0.06235522],1170.85
[0.06293404],1170.93
[0.05334514],1171.0
[0.04552907],1171.07
[0.05204302],1171.14
[0.0516054],1171.21
[0.05235749],1171.28
[0.05405688],1171.34
[0.06333709],1171.49
[0.0545921],1171.63
[0.03716922],1171.77
[0.04202276],1171.83
[0.04528779],1171.91
[0.04478687],1171.98
[0.04403839],1172.05
[0.03298432],1172.11
[0.06228879],1172.19
[0.06682685],1172.26
[0.0670132],1172.33
[0.05192935],1172.4
[0.06544197],1172.54
[0.06535423],1172.68
[0.07164788],1172.82
[0.06023398],1172.96
[0.05883271],1173.03
[0.04981217],1173.09
[0.05810106],1173.17
[0.0733124],1173.24
[0.05869168],1173.31
[0.05286935],1173.38
[0.0438211],1173.45
[0.07186115],1173.52
[0.06243628],1173.58
[0.05955428],1173.58
[0.05356187],1173.73
[0.06996316],1173.86
[0.04584309],1174.01
[0.05493894],1174.08
[0.05222362],1174.08
[0.04734808],1174.15
[0.0693742],1174.22
[0.06533813],1174.29
[0.06405526],1174.35
[0.0510143],1174.43
[0.05534244],1174.5
[0.06806815],1174.57
[0.06012458],1174.64
[0.0515517],1174.78
[0.06692508],1174.92
[0.06383544],1175.06
[0.0693962],1175.2
[0.06905508],1175.27
[0.05986929],1175.33
[0.05466568],1175.33
[0.05310345],1175.41
[0.04562682],1175.48
[0.06555158],1175.55
[0.07189989],1175.61
[0.05765346],1175.69
[0.05265665],1175.76
[0.04846358],1175.83
[0.04621089],1175.83
[0.05200315],1175.97
[0.04959643],1176.1
[0.0609332],1176.25
[0.05288512],1176.39
[0.04500735],1176.46
[0.05997366],1176.53
[0.06282538],1176.59
[0.06037927],1176.67
[0.0601123],1176.74
[0.04448187],1176.81
[0.06837785],1176.88
[0.05937779],1177.02
[0.05099481],1177.08
[0.04099977],1177.16
[0.05210733],1177.3
[0.04688415],1177.44
[0.0465861],1177.51
[0.06740552],1177.58
[0.07574123],1177.58
[0.07517081],1177.65
[0.06239158],1177.72
[0.05263066],1177.79
[0.0561541],1177.85
[0.07224947],1177.93
[0.06358638],1178.0
[0.06224009],1178.07
[0.06428236],1178.21
[0.06502041],1178.34
[0.05535114],1178.49
[0.06797612],1178.56
[0.07667917],1178.63
[0.06945711],1178.7
[0.06598261],1178.77
[0.07830119],1178.83
[0.08599681],1178.91
[0.08292985],1178.98
[0.06932896],1179.05
[0.05971527],1179.11
[0.06805387],1179.26
[0.07273006],1179.33
[0.06893498],1179.4
[0.06685579],1179.54
[0.06689724],1179.68
[0.0656614],1179.75
[0.05311909],1179.82
[0.06384259],1179.89
[0.07290381],1179.96
[0.07346088],1180.03
[0.06681347],1180.09
[0.06056815],1180.17
[0.0675306],1180.24
[0.07055259],1180.31
[0.0693711],1180.45
[0.07562321],1180.58
[0.07371965],1180.58
[0.06510532],1180.73
[0.06335869],1180.8
[0.05606225],1180.86
[0.07346189],1180.94
[0.07603708],1181.01
[0.06953329],1181.08
[0.06306952],1181.08
[0.04921323],1181.15
[0.05659997],1181.22
[0.06764668],1181.29
[0.07013059],1181.35
[0.06591469],1181.43
[0.05675662],1181.5
[0.08334613],1181.64
[0.06679118],1181.78
[0.06572193],1181.92
[0.07476825],1181.99
[0.06984606],1182.06
[0.06337467],1182.13
[0.05407402],1182.2
[0.07243639],1182.27
[0.06314272],1182.33
[0.06012991],1182.33
[0.05541387],1182.41
[0.06033102],1182.48
[0.04091334],1182.55
[0.06020528],1182.69
[0.05164093],1182.83
[0.05082417],1182.83
[0.07145548],1182.97
[0.07310975],1183.04
[0.06733888],1183.1
[0.05297488],1183.18
[0.05756527],1183.25
[0.06892312],1183.32
[0.06387293],1183.39
[0.05984581],1183.46
[0.05188441],1183.53
[0.06509221],1183.59
[0.0696108],1183.67
[0.0628885],1183.74
[0.05198789],1183.88
[0.06295186],1184.02
[0.05272198],1184.08
[0.04916137],1184.16
[0.04658496],1184.23
[0.06240994],1184.3
[0.06494254],1184.36
[0.06186724],1184.44
[0.05264896],1184.51
[0.04346162],1184.58
[0.06083113],1184.65
[0.06051993],1184.72
[0.05358106],1184.79
[0.05557281],1184.93
[0.05016929],1185.07
[0.04156587],1185.21
[0.05484337],1185.28
[0.06937504],1185.34
[0.06260711],1185.42
[0.05744207],1185.49
[0.04386124],1185.56
[0.06159562],1185.63
[0.06726474],1185.7
[0.0565446],1185.77
[0.04642984],1185.83
[0.04295585],1185.83
[0.06015489],1185.98
[0.05602902],1186.11
[0.05315408],1186.26
[0.06381875],1186.33
[0.05889356],1186.4
[0.0537467],1186.47
[0.04557681],1186.54
[0.05262554],1186.6
[0.06396607],1186.68
[0.06196332],1186.75
[0.05631599],1186.82
[0.04336703],1186.89
[0.05691907],1186.96
[0.06812155],1187.03
[0.06207061],1187.17
[0.06890297],1187.31
[0.06404629],1187.45
[0.05667228],1187.52
[0.06555074],1187.58
[0.0727886],1187.58
[0.07623363],1187.66
[0.06863531],1187.73
[0.05726129],1187.8
[0.04680547],1187.86
[0.03732923],1187.94
[0.04388955],1188.01
[0.04944223],1188.08
[0.04585925],1188.08
[0.04056621],1188.22
[0.05313545],1188.35
[0.04906175],1188.5
[0.04789841],1188.64
[0.05641934],1188.71
[0.04528293],1188.78
[0.04340065],1188.84
[0.03050959],1188.92
[0.05045745],1188.99
[0.05516461],1189.06
[0.04918003],1189.13
[0.05069727],1189.2
[0.04703692],1189.27
[0.04871669],1189.33
[0.04937345],1189.41
[0.0440115],1189.55
[0.05899727],1189.69
[0.05170894],1189.76
[0.0452162],1189.83
[0.04205164],1189.83
[0.03609887],1189.9
[0.04145879],1189.97
[0.04985765],1190.04
[0.0527975],1190.1
[0.05548233],1190.18
[0.04884169],1190.25
[0.04974356],1190.32
[0.04195556],1190.46
[0.03901559],1190.59
[0.05017674],1190.74
[0.04658499],1190.88
[0.04398555],1190.95
[0.05622554],1191.02
[0.05036181],1191.08
[0.04625702],1191.16
[0.0460985],1191.23
[0.04119962],1191.3
[0.05680275],1191.36
[0.05078211],1191.44
[0.04269156],1191.51
[0.0419119],1191.58
[0.04212213],1191.65
[0.04209861],1191.79
[0.03685167],1191.93
[0.0424003],1192.0
[0.04919463],1192.07
[0.04299289],1192.14
[0.04579771],1192.21
[0.04011887],1192.28
[0.05057126],1192.34
[0.0569852],1192.42
[0.05029136],1192.49
[0.04936612],1192.56
[0.05920613],1192.7
[0.04411715],1192.83
[0.04117078],1192.83
[0.04198718],1192.98
[0.04953456],1193.11
[0.04984456],1193.19
[0.04586935],1193.26
[0.04531559],1193.33
[0.04368931],1193.33
[0.0590685],1193.4
[0.05494374],1193.47
[0.05658644],1193.54
[0.02621511],1193.6
[0.04604062],1193.68
[0.06599003],1193.75
[0.06164646],1193.89
[0.05772758],1194.03
[0.04953903],1194.17
[0.05109793],1194.24
[0.04245323],1194.31
[0.05725947],1194.38
[0.05807465],1194.45
[0.05424774],1194.52
[0.04815507],1194.58
[0.04506814],1194.58
[0.04031745],1194.66
[0.05938476],1194.73
[0.05461287],1194.8
[0.04890501],1194.94
[0.05977517],1195.08
[0.06642553],1195.08
[0.05223829],1195.22
[0.04941121],1195.35
[0.06401598],1195.43
[0.05501345],1195.5
[0.05005902],1195.57
[0.04021293],1195.64
[0.0567483],1195.71
[0.06483382],1195.78
[0.04874146],1195.84
[0.04982626],1195.92
[0.0421643],1195.99
[0.04848826],1196.13
[0.04828042],1196.27
[0.06855106],1196.33
[0.07427466],1196.41
[0.05871347],1196.48
[0.03974301],1196.55
[0.04238725],1196.61
[0.03846666],1196.69
[0.05748317],1196.76
[0.05467117],1196.83
[0.05193353],1196.9
[0.04782057],1196.97
[0.05073068],1197.04
[0.06636846],1197.1
[0.0584839],1197.18
[0.04783472],1197.32
[0.06324816],1197.46
[0.05500478],1197.59
[0.04331458],1197.67
[0.05923235],1197.74
[0.06482935],1197.81
[0.05270335],1197.88
[0.05259085],1197.95
[0.04227543],1198.02
[0.05139929],1198.08
[0.05432209],1198.08
[0.05758646],1198.16
[0.05193669],1198.23
[0.05085716],1198.36
[0.06630883],1198.51
[0.06556535],1198.58
[0.05882943],1198.65
[0.05480674],1198.72
[0.07359415],1198.79
[0.06792086],1198.85
[0.06183288],1198.93
[0.0481388],1199.0
[0.05841255],1199.07
[0.07426405],1199.14
[0.0568679],1199.21
[0.05756336],1199.28
[0.04050964],1199.34
[0.06461048],1199.42
[0.0540576],1199.56
[0.04621318],1199.7
[0.04858494],1199.83
[0.04967427],1199.83
[0.04802477],1199.91
[0.04800242],1199.98
[0.04601288],1200.05
[0.07205498],1200.11
[0.06819838],1200.19
[0.0647372],1200.26
[0.05197489],1200.33
[0.04972368],1200.33
[0.05126083],1200.4
[0.07302994],1200.47
[0.06597573],1200.6
[0.06375086],1200.75
[0.0660767],1200.89
[0.06178665],1200.96
[0.04864776],1201.03
[0.06016269],1201.09
[0.06968096],1201.17
[0.0513106],1201.24
[0.05703706],1201.31
[0.04936171],1201.38
[0.06639087],1201.45
[0.06535706],1201.52
[0.05607927],1201.58
[0.05305535],1201.58
[0.05257955],1201.66
[0.07004407],1201.8
[0.06482545],1201.94
[0.05336457],1202.08
[0.05209401],1202.08
[0.06084082],1202.15
[0.05905783],1202.22
[0.06366467],1202.29
[0.05375624],1202.35
[0.05063614],1202.43
[0.06088483],1202.5
[0.05800307],1202.57
[0.05578342],1202.64
[0.04763621],1202.71
[0.05536062],1202.84
[0.05158055],1202.99
[0.06807768],1203.13
[0.06170559],1203.2
[0.04941872],1203.27
[0.04638034],1203.33
[0.03877294],1203.41
[0.05948097],1203.48
[0.0487951],1203.55
[0.04389197],1203.61
[0.04579663],1203.69
[0.04766244],1203.76
[0.06639352],1203.83
[0.05446637],1203.9
[0.03533661],1204.04
[0.06815481],1204.18
[0.05444756],1204.32
[0.04072994],1204.39
[0.05521616],1204.46
[0.06228501],1204.53
[0.05184373],1204.59
[0.0576078],1204.67
[0.04704577],1204.74
[0.05292538],1204.81
[0.06231976],1204.88
[0.04910433],1204.95
[0.06279516],1205.08
[0.06921387],1205.08
[0.05545127],1205.23
[0.05268687],1205.36
[0.07131067],1205.51
[0.05527875],1205.58
[0.0521462],1205.58
[0.0447951],1205.65
[0.04145283],1205.72
[0.04493037],1205.79
[0.06406456],1205.85
[0.05036172],1205.93
[0.05317214],1206.0
[0.05024546],1206.14
[0.05287522],1206.28
[0.03625709],1206.42
[0.05005449],1206.56
[0.04389995],1206.63
[0.04953587],1206.7
[0.04077771],1206.77
[0.04277775],1206.83
[0.04314393],1206.83
[0.04754364],1206.91
[0.04477435],1206.98
[0.04756778],1207.05
[0.04043442],1207.11
[0.05577046],1207.19
[0.04435879],1207.33
[0.0416863],1207.33
[0.04626212],1207.47
[0.0417338],1207.6
[0.03868139],1207.75
[0.04250821],1207.82
[0.05553919],1207.89
[0.042252],1207.96
[0.03999519],1208.03
[0.03923601],1208.09
[0.05246279],1208.17
[0.05531752],1208.24
[0.04348421],1208.31
[0.04708135],1208.38
[0.05531776],1208.52
[0.05157244],1208.58
[0.04430801],1208.66
[0.04430395],1208.8
[0.05670327],1208.86
[0.04882193],1208.94
[0.04687285],1209.01
[0.04198417],1209.08
[0.03847897],1209.15
[0.05562067],1209.22
[0.04796684],1209.29
[0.04712924],1209.35
[0.04297915],1209.43
[0.05422246],1209.57
[0.05699587],1209.71
[0.05464995],1209.84
[0.05095243],1209.92
[0.04027364],1209.99
[0.04916114],1210.06
[0.03836313],1210.13
[0.04407895],1210.2
[0.05622125],1210.27
[0.05171537],1210.33
[0.04520974],1210.41
[0.04231322],1210.48
[0.04216206],1210.61
[0.04149762],1210.76
[0.04548964],1210.83
[0.05645403],1210.9
[0.04463398],1211.04
[0.03824624],1211.1
[0.04276443],1211.18
[0.05235505],1211.25
[0.03963605],1211.32
[0.04207718],1211.39
[0.03389025],1211.46
[0.0349474],1211.53
[0.04571515],1211.59
[0.03730807],1211.67
[0.03335863],1211.81
[0.0398114],1211.95
[0.03095055],1212.08
[0.03164744],1212.08
[0.032574],1212.16
[0.04779887],1212.23
[0.05074],1212.3
[0.04195893],1212.36
[0.03949112],1212.44
[0.04596469],1212.51
[0.05665159],1212.58
[0.06231391],1212.58
[0.04778102],1212.65
[0.04453555],1212.72
[0.0431008],1212.85
[0.04370815],1213.0
[0.03829294],1213.14
[0.05134198],1213.28
[0.04063112],1213.34
[0.04411256],1213.42
[0.03680623],1213.49
[0.04780555],1213.56
[0.0521163],1213.63
[0.04648277],1213.7
[0.04462105],1213.77
[0.0596413],1213.83
[0.06704056],1213.83
[0.07028556],1213.91
[0.05430588],1214.05
[0.04844508],1214.19
[0.04573119],1214.33
[0.03896877],1214.33
[0.03657621],1214.4
[0.03705105],1214.47
[0.03743303],1214.54
[0.05317521],1214.6
[0.04671282],1214.68
[0.04761702],1214.75
[0.03596419],1214.82
[0.04086196],1214.89
[0.05419454],1214.96
[0.04000041],1215.09
[0.05703044],1215.24
[0.05139074],1215.38
[0.04239208],1215.52
[0.0456911],1215.58
[0.04783693],1215.66
[0.0433473],1215.73
[0.04207146],1215.8
[0.03860897],1215.86
[0.05556118],1215.94
[0.04649723],1216.01
[0.04715562],1216.08
[0.04254308],1216.15
[0.05401665],1216.29
[0.04877412],1216.43
[0.04895079],1216.57
[0.0601902],1216.64
[0.05197895],1216.71
[0.0535163],1216.78
[0.04376292],1216.84
[0.04957408],1216.92
[0.05359438],1216.99
[0.04585496],1217.06
[0.04345009],1217.13
[0.03991935],1217.2
[0.0453794],1217.33
[0.04458621],1217.33
[0.04831141],1217.48
[0.05592608],1217.61
[0.04664856],1217.76
[0.0438273],1217.83
[0.04227495],1217.83
[0.03944224],1217.9
[0.05662787],1217.97
[0.05536592],1218.04
[0.04788917],1218.1
[0.04234523],1218.18
[0.04729819],1218.25
[0.05710286],1218.32
[0.04313219],1218.39
[0.03393686],1218.53
[0.05446184],1218.67
[0.0501067],1218.81
[0.04168421],1218.88
[0.05171537],1218.95
[0.05192837],1219.02
[0.04360056],1219.08
[0.03637266],1219.08
[0.03934523],1219.16
[0.03402686],1219.23
[0.05632561],1219.3
[0.05386081],1219.36
[0.11918235],1219.44
[0.14952022],1219.58
[0.15505868],1219.58
[0.16063753],1219.72
[0.16620076],1219.85
[0.1692712],1220.0
[0.17116499],1220.07
[0.17245132],1220.14
[0.17320183],1220.21
[0.17361462],1220.28
[0.17404208],1220.34
[0.17419416],1220.42
[0.17447188],1220.49
[0.17469108],1220.56
[0.17480808],1220.63
[0.17516881],1220.77
[0.17507818],1220.83
[0.17551732],1220.91
[0.17565745],1221.05
[0.17623991],1221.19
[0.17651373],1221.26
[0.17648166],1221.33
[0.17678401],1221.4
[0.17695141],1221.47
[0.1770578],1221.54
[0.17748255],1221.6
[0.17790115],1221.68
[0.17841631],1221.82
[0.17863238],1221.96
[0.179447],1222.09
[0.17979828],1222.24
[0.18014485],1222.31
[0.17991489],1222.38
[0.18063387],1222.45
[0.18094033],1222.52
[0.18075806],1222.58
[0.1814735],1222.66
[0.18243822],1222.73
[0.18174613],1222.8
[0.18291616],1222.86
[0.18281275],1223.01
[0.18424016],1223.08
[0.18377084],1223.15
[0.18360728],1223.29
[0.18375772],1223.43
[0.18151507],1223.5
[0.18427122],1223.57
[0.18266249],1223.64
[0.18285453],1223.71
[0.1829881],1223.78
[0.1824078],1223.84
[0.18279284],1223.92
[0.1816079],1224.06
[0.17948633],1224.2
[0.17792287],1224.33
[0.17769998],1224.33
[0.1763894],1224.48
[0.17442468],1224.55
[0.17316547],1224.61
[0.1700359],1224.69
[0.17123991],1224.76
[0.1696594],1224.83
[0.16905493],1224.83
[0.16879946],1224.9
[0.16828728],1224.97
[0.16686487],1225.04
[0.16648537],1225.1
[0.16417491],1225.25
[0.16447341],1225.39
[0.16138944],1225.53
[0.16046023],1225.67
[0.15846139],1225.74
[0.15877458],1225.81
[0.15904725],1225.88
[0.15836132],1225.95
[0.15960377],1226.02
[0.15878648],1226.08
[0.16005027],1226.08
[0.16062146],1226.16
[0.15763038],1226.3
[0.1566399],1226.44
[0.15615803],1226.58
[0.15730527],1226.58
[0.15793109],1226.72
[0.15733272],1226.79
[0.15819073],1226.85
[0.15792552],1226.93
[0.1575576],1227.0
[0.15765771],1227.07
[0.15723222],1227.14
[0.15746382],1227.21
[0.1594536],1227.28
[0.15967733],1227.34
[0.15930381],1227.49
[0.1597094],1227.63
[0.15961596],1227.77
[0.15960005],1227.83
[0.158463],1227.91
[0.15779677],1227.98
[0.15986997],1228.05
[0.15805227],1228.11
[0.16515309],1228.19
[0.16182476],1228.26
[0.16136539],1228.33
[0.1613977],1228.4
[0.16176653],1228.54
[0.15987557],1228.68
[0.16194221],1228.82
[0.16187292],1228.96
[0.16041273],1229.03
[0.1621652],1229.09
[0.15781048],1229.17
[0.16015786],1229.24
[0.16319522],1229.31
[0.16361377],1229.38
[0.16894197],1229.45
[0.17537367],1229.52
[0.1880461],1229.58
[0.17347598],1229.58
[0.17806128],1229.73
[0.17407292],1229.86
[0.17754292],1230.01
[0.1857596],1230.08
[0.17867145],1230.08
[0.17464954],1230.15
[0.1733424],1230.22
[0.18500811],1230.29
[0.17381307],1230.35
[0.18443823],1230.43
[0.17764664],1230.5
[0.1818487],1230.57
[0.18248698],1230.64
[0.18378073],1230.78
[0.19131386],1230.92
[0.19177848],1231.06
[0.19066447],1231.2
[0.19350034],1231.27
[0.19549125],1231.33
[0.20096868],1231.33
[0.20549712],1231.41
[0.20084423],1231.48
[0.19337457],1231.55
[0.1960848],1231.61
[0.19324559],1231.69
[0.18987703],1231.76
[0.19153291],1231.83
[0.18817061],1231.83
[0.18747532],1231.97
[0.19111657],1232.1
[0.17041808],1232.25
[0.1859805],1232.39
[0.16072583],1232.46
[0.17517868],1232.53
[0.17631865],1232.59
[0.17320204],1232.67
[0.17817974],1232.74
[0.17880294],1232.81
[0.19137233],1232.88
[0.1908631],1233.02
[0.20021948],1233.08
[0.18801343],1233.16
[0.19880459],1233.3
[0.20034778],1233.44
[0.20501536],1233.51
[0.20946282],1233.58
[0.21035236],1233.58
[0.20971566],1233.65
[0.21192572],1233.72
[0.19328523],1233.79
[0.2054033],1233.85
[0.1820465],1233.93
[0.19298452],1234.0
[0.1889677],1234.07
[0.19502148],1234.21
[0.2038767],1234.34
[0.17100453],1234.49
[0.18924403],1234.56
[0.19167563],1234.63
[0.19017398],1234.7
[0.1887156],1234.77
[0.1846056],1234.83
[0.11282608],1234.91
[0.12208536],1234.98
[0.159444],1235.05
[0.1755366],1235.11
[0.1801784],1235.26
[0.14958861],1235.33
[0.12335962],1235.4
[0.10543132],1235.54
[0.14732465],1235.68
[0.1621868],1235.75
[0.18342143],1235.82
[0.18315765],1235.89
[0.19500783],1235.96
[0.18731937],1236.03
[0.19102567],1236.09
[0.1757217],1236.17
[0.1695615],1236.24
[0.17394584],1236.31
[0.18117723],1236.45
[0.17867434],1236.58
[0.18312979],1236.58
[0.18304756],1236.73
[0.16578126],1236.8
[0.16610783],1236.86
[0.1820161],1236.94
[0.17185056],1237.01
[0.18481001],1237.08
[0.16865304],1237.08
[0.16696191],1237.15
[0.15870541],1237.22
[0.16295815],1237.29
[0.16586643],1237.35
[0.16832888],1237.43
[0.16461954],1237.5
[0.17106318],1237.64
[0.17191744],1237.78
[0.17719817],1237.92
[0.17344677],1237.99
[0.1889742],1238.06
[0.18306372],1238.13
[0.19082028],1238.2
[0.18738693],1238.27
[0.19340432],1238.33
[0.18704045],1238.33
[0.18959644],1238.41
[0.18407732],1238.48
[0.18027174],1238.55
[0.20062256],1238.69
[0.20062542],1238.83
[0.2045579],1238.83
[0.20455265],1238.97
[0.20297283],1239.04
[0.20189607],1239.1
[0.20430964],1239.18
[0.20240873],1239.25
[0.20512784],1239.32
[0.18614158],1239.39
[0.16159216],1239.46
[0.11007547],1239.53
[-0.07000902],1239.59
[0.18367958],1239.67
[0.18208069],1239.74
[0.20478755],1239.88
[0.20415199],1240.02
[0.20385247],1240.08
[0.20571148],1240.16
[0.20645922],1240.23
[0.20516354],1240.3
[0.20703211],1240.36
[0.20767215],1240.44
[0.20133895],1240.51
[0.2082977],1240.58
[0.20658118],1240.65
[0.20471466],1240.72
[0.20531923],1240.79
[0.20057064],1240.93
[0.20254791],1241.07
[0.194765],1241.21
[0.19920868],1241.28
[0.18661755],1241.34
[0.13974845],1241.42
[0.15779865],1241.49
[0.19431704],1241.56
[0.18999863],1241.63
[0.19036072],1241.7
[0.18722445],1241.77
[0.1774782],1241.83
[0.17190936],1241.83
[0.16759932],1241.98
[0.1751422],1242.11
[0.18692946],1242.26
[0.18968517],1242.33
[0.19019687],1242.4
[0.17390803],1242.47
[0.12896264],1242.54
[0.12172633],1242.6
[0.00194222],1242.68
[-0.12701526],1242.75
[-0.12682837],1242.82
[-0.1283229],1242.89
[-0.12275618],1242.96
[0.04070041],1243.03
[-0.11200345],1243.17
[0.05944979],1243.31
[0.02770621],1243.45
[0.06018513],1243.52
[0.16749543],1243.58
[0.15324962],1243.58
[0.15128773],1243.66
[0.14028966],1243.73
[0.09103394],1243.8
[0.05909109],1243.86
[0.0320819],1243.94
[-0.09980965],1244.01
[-0.10700917],1244.08
[-0.10338372],1244.08
[-0.11738288],1244.22
[-0.09424245],1244.35
[-0.03701586],1244.5
[0.06000972],1244.64
[0.06544894],1244.71
[-0.02119648],1244.78
[-0.0247983],1244.84
[0.02384675],1244.92
[0.01470029],1244.99
[-0.10360622],1245.06
[-0.12579006],1245.13
[-0.12738156],1245.2
[-0.1272802],1245.27
[-0.12733975],1245.33
[-0.12443823],1245.41
[-0.12889767],1245.55
[-0.12741548],1245.69
[-0.11888641],1245.76
[-0.10962617],1245.83
[-0.12763876],1245.83
[-0.12240875],1245.9
[-0.09996796],1245.97
[-0.11755049],1246.04
[-0.1163165],1246.1
[-0.12238118],1246.18
[-0.11791629],1246.25
[-0.0951612],1246.32
[-0.06232864],1246.46
[-0.12622663],1246.59
[-0.12139925],1246.74
[-0.11233714],1246.88
[-0.08995378],1246.95
[-0.08617648],1247.02
[0.22162363],1247.08
[0.17153153],1247.16
[-0.09651911],1247.23
[-0.12449986],1247.3
[-0.1286524],1247.36
[-0.11871988],1247.44
[-0.1270222],1247.51
[-0.12674105],1247.58
[-0.11845675],1247.65
[-0.11404195],1247.79
[-0.12339714],1247.93
[-0.11852115],1248.0
[-0.12921202],1248.07
[-0.08126539],1248.14
[-0.08065313],1248.21
[-0.07532793],1248.28
[-0.1290263],1248.34
[-0.1283074],1248.42
[-0.12820339],1248.49
[-0.12912816],1248.56
[-0.08967829],1248.7
[0.06727076],1248.83
[-0.06778878],1248.83
[-0.09568566],1248.98
[-0.10985363],1249.11
[-0.12352541],1249.19
[-0.12457585],1249.26
[-0.12418038],1249.33
[-0.12091526],1249.33
[-0.12892139],1249.4
[-0.11612648],1249.47
[-0.12830177],1249.54
[-0.1227842],1249.6
[-0.12926424],1249.68
[-0.12740833],1249.75
[0.00872618],1249.89
[0.08489597],1250.03
[-0.00077534],1250.17
[0.01912373],1250.24
[-0.12374067],1250.31
[-0.12909573],1250.38
[-0.12994784],1250.45
[-0.12848383],1250.52
[-0.10502553],1250.58
[-0.08321011],1250.58
[-0.09588155],1250.66
[-0.0814122],1250.73
[0.03038955],1250.8
[0.14403939],1250.94
[0.16473246],1251.08
[0.15249091],1251.08
[0.10117134],1251.22
[-0.11506373],1251.35
[-0.1084249],1251.43
[-0.11102515],1251.5
[-0.10624784],1251.57
[-0.11537641],1251.64
[-0.11027664],1251.71
[-0.1273191],1251.78
[-0.09844822],1251.84
[0.05148372],1251.92
[-0.06801748],1251.99
[-0.13005489],1252.13
[-0.12875158],1252.27
[-0.12585619],1252.33
[-0.12764251],1252.41
[-0.0962584],1252.48
[-0.07296562],1252.55
[-0.10917246],1252.61
[-0.12654448],1252.69
[-0.12808403],1252.76
[-0.06454316],1252.83
[-0.1250695],1252.9
[-0.12477505],1252.97
[-0.12658739],1253.04
[-0.03216428],1253.1
[0.08749592],1253.18
[0.03976005],1253.32
[-0.11899084],1253.46
[-0.11285204],1253.59
[-0.11300755],1253.67
[-0.11961174],1253.74
[-0.03702947],1253.81
[-0.11866713],1253.88
[-0.09665722],1253.95
[-0.088732],1254.02
[-0.09553933],1254.08
[-0.05278996],1254.08
[-0.07750615],1254.16
[-0.0843187],1254.23
[-0.12357378],1254.36
[-0.1354726],1254.51
[0.15498725],1254.58
[0.25214985],1254.65
[0.00802788],1254.72
[-0.12241647],1254.79
[-0.12827775],1254.85
[-0.1060831],1254.93
[-0.06020361],1255.0
[-0.05473423],1255.07
[-0.0453988],1255.14
[-0.05758452],1255.21
[-0.09220707],1255.28
[-0.1250026],1255.34
[-0.07159731],1255.42
[0.09091836],1255.56
[0.05260941],1255.7
[0.05367953],1255.83
[0.07848993],1255.83
[0.10877499],1255.91
[0.1298759],1255.98
[0.13064885],1256.05
[0.00036013],1256.11
[-0.12787479],1256.19
[-0.12607425],1256.26
[-0.11397696],1256.33
[-0.12700877],1256.33
[-0.12259972],1256.4
[-0.12413162],1256.47
[-0.12455702],1256.6
[-0.12868434],1256.75
[-0.1284377],1256.89
[-0.12463298],1256.96
[-0.00428659],1257.03
[0.1346235],1257.09
[0.15571412],1257.17
[0.16203356],1257.24
[0.17327487],1257.31
[0.17958283],1257.38
[0.16557348],1257.45
[0.12662601],1257.52
[-0.04888144],1257.58
[-0.11974925],1257.58
[-0.10573167],1257.66
[-0.10447872],1257.8
[-0.04040909],1257.94
[0.03218043],1258.08
[0.08508494],1258.08
[0.1474387],1258.15
[0.14574021],1258.22
[0.04364702],1258.29
[0.06503105],1258.35
[0.04565275],1258.43
[-0.03184009],1258.5
[-0.01316899],1258.57
[-0.07787937],1258.64
[-0.09158161],1258.71
[-0.10364026],1258.84
[-0.06914392],1258.99
[-0.02600306],1259.13
[-0.09473032],1259.2
[-0.08534306],1259.27
[-0.12652129],1259.33
[-0.11007938],1259.41
[-0.11282432],1259.48
[0.08281279],1259.55
[0.12189448],1259.61
[0.09375304],1259.69
[0.10183549],1259.76
[0.09255004],1259.83
[0.11351934],1259.9
[0.08436534],1260.04
[0.00682211],1260.18
[-0.04734427],1260.32
[-0.09830135],1260.39
[-0.11048919],1260.46
[-0.05278808],1260.53
[0.03892285],1260.59
[0.10125366],1260.67
[0.04940158],1260.74
[-0.03155795],1260.81
[-0.0848313],1260.88
[-0.11808336],1260.95
[0.01582849],1261.08
[-0.043717],1261.08
[-0.05415663],1261.23
[-0.11927152],1261.36
[-0.12522995],1261.51
[-0.12695777],1261.58
[-0.1088078],1261.58
[-0.10878545],1261.65
[-0.07776284],1261.72
[0.02941555],1261.79
[0.0069122],1261.85
[-0.13406402],1261.93
[-0.10011154],1262.0
[-0.10126805],1262.14
[-0.11543679],1262.28
[-0.11831486],1262.42
[-0.12571132],1262.56
[-0.11979619],1262.63
[-0.08557463],1262.7
[-0.09104413],1262.77
[-0.0387513],1262.83
[-0.01030624],1262.83
[-0.08999437],1262.91
[-0.12846154],1262.98
[-0.12820852],1263.05
[-0.11904478],1263.11
[-0.12482235],1263.19
[-0.12790447],1263.33
[-0.11259699],1263.33
[-0.11825633],1263.47
[-0.12711322],1263.6
[-0.12308234],1263.75
[-0.09082133],1263.82
[0.07015884],1263.89
[0.09955716],1263.96
[-0.02015036],1264.03
[-0.09365016],1264.09
[-0.12786165],1264.17
[-0.12674695],1264.24
[-0.12590992],1264.38
[-0.1208528],1264.52
[-0.12524039],1264.58
[-0.12371707],1264.66
[-0.12619913],1264.8
[-0.1221675],1264.86
[-0.12473506],1264.94
[-0.03718141],1265.01
[0.04376572],1265.08
[0.02439243],1265.15
[-0.105097],1265.22
[-0.12077594],1265.29
[-0.12662715],1265.35
[-0.12877291],1265.43
[-0.12798518],1265.57
[-0.12706587],1265.71
[-0.12630415],1265.84
[-0.11573422],1265.99
[-0.12623107],1266.06
[-0.11813539],1266.13
[-0.11319205],1266.2
[-0.12376863],1266.27
[-0.1264891],1266.33
[-0.1182546],1266.41
[-0.11257815],1266.48
[-0.12135813],1266.61
[-0.11941528],1266.76
[-0.12358397],1266.83
[-0.1222879],1266.9
[-0.1255194],1267.04
[-0.1276044],1267.1
[-0.12588525],1267.18
[-0.12073356],1267.25
[-0.11067981],1267.32
[-0.09938216],1267.39
[-0.11113504],1267.46
[-0.12755457],1267.53
[-0.12665844],1267.59
[-0.122904],1267.67
[-0.11888313],1267.81
[-0.11414915],1267.95
[-0.12148607],1268.08
[-0.1201461],1268.08
[-0.1268779],1268.16
[-0.12824774],1268.23
[-0.12574446],1268.3
[-0.12359169],1268.36
[-0.11957142],1268.44
[-0.1139648],1268.51
[0.08256587],1268.58
[0.23731476],1268.58
[0.20090103],1268.65
[-0.0432463],1268.72
[-0.10683793],1268.85
[-0.11527571],1269.0
[-0.12689],1269.14
[-0.1280323],1269.28
[-0.12740806],1269.34
[-0.12911326],1269.42
[-0.11869514],1269.49
[-0.09462368],1269.56
[-0.09452915],1269.63
[-0.10467327],1269.7
[-0.08271834],1269.77
[-0.07869267],1269.83
[-0.07667467],1269.83
[-0.1022968],1269.91
[-0.10453963],1270.05
[-0.10854214],1270.19
[-0.10961452],1270.33
[-0.12131888],1270.33
[-0.06937486],1270.4
[0.14069843],1270.47
[0.12471664],1270.54
[0.00640553],1270.6
[-0.12737793],1270.68
[-0.12383783],1270.75
[-0.12798297],1270.82
[-0.12617996],1270.89
[-0.12599593],1270.96
[-0.12735698],1271.09
[-0.1275214],1271.24
[-0.11619985],1271.38
[-0.11773357],1271.52
[-0.12186199],1271.58
[-0.12129271],1271.66
[-0.12601286],1271.73
[-0.12754321],1271.8
[-0.1271087],1271.86
[-0.1274038],1271.94
[-0.11781377],1272.01
[-0.1107347],1272.08
[-0.11667001],1272.15
[-0.11498702],1272.29
[-0.12433437],1272.43
[-0.12675339],1272.57
[-0.12268746],1272.64
[-0.1176565],1272.71
[-0.11254302],1272.78
[-0.1146909],1272.84
[-0.12332225],1272.92
[-0.12727654],1272.99
[-0.12334484],1273.06
[-0.12021506],1273.13
[-0.11195308],1273.2
[-0.10092402],1273.33
[-0.05226547],1273.33
[-0.00363767],1273.48
[-0.00090897],1273.61
[-0.06936812],1273.76
[-0.09072685],1273.83
[-0.12314636],1273.83
[-0.12787956],1273.9
[-0.12664783],1273.97
[-0.12725365],1274.04
[-0.12781292],1274.1
[-0.12720683],1274.18
[-0.12806648],1274.25
[-0.12442145],1274.32
[-0.12559935],1274.39
[-0.12814397],1274.53
[-0.12492567],1274.67
[-0.12697515],1274.81
[-0.12636125],1274.88
[-0.12582684],1274.95
[-0.12726197],1275.02
[-0.11543161],1275.08
[-0.1143676],1275.08
[-0.1201278],1275.16
[-0.12753612],1275.23
[-0.1280281],1275.3
[-0.1268146],1275.36
[-0.12115788],1275.44
[-0.1083402],1275.58
[-0.10986471],1275.58
[-0.11267072],1275.72
[-0.12221485],1275.85
[-0.12593207],1276.0
[-0.11918145],1276.07
[-0.1141361],1276.14
[-0.12008855],1276.21
[-0.1072799],1276.28
[-0.11999333],1276.34
[-0.11925602],1276.42
[-0.11713496],1276.49
[-0.12234938],1276.56
[-0.12460849],1276.63
[-0.12711197],1276.77
[-0.12753093],1276.83
[-0.12688744],1276.91
[-0.11874309],1277.05
[-0.11716008],1277.19
[-0.12578815],1277.26
[-0.12438765],1277.33
[-0.12650713],1277.4
[-0.10849336],1277.47
[-0.11998522],1277.54
[-0.12069136],1277.6
[-0.11112559],1277.68
[-0.06506246],1277.82
[-0.11280537],1277.96
[-0.12230274],1278.09
[0.22829673],1278.24
[-0.11526144],1278.31
[-0.0982058],1278.38
[-0.12497357],1278.45
[-0.12647617],1278.52
[-0.1228641],1278.58
[-0.09165043],1278.66
[-0.12094715],1278.73
[-0.06890196],1278.8
[-0.09709156],1278.86
[-0.11182296],1279.01
[-0.11281425],1279.08
[-0.11738792],1279.15
[-0.12596208],1279.29
[-0.12481606],1279.43
[-0.12295666],1279.5
[-0.11718976],1279.57
[-0.12655017],1279.64
[-0.11764866],1279.71
[-0.12190348],1279.78
[-0.12464869],1279.84
[-0.11236984],1279.92
[-0.05110338],1280.06
[-0.0818069],1280.2
[-0.10595417],1280.33
[-0.12071902],1280.33
[-0.11712199],1280.48
[-0.08569539],1280.55
[-0.1224362],1280.61
[-0.12677902],1280.69
[0.0904904],1280.76
[-0.09911779],1280.83
[-0.12601918],1280.83
[-0.12270164],1280.9
[-0.12155113],1280.97
[-0.12422198],1281.04
[-0.12507164],1281.1
[-0.12365022],1281.25
[-0.120085],1281.39
[-0.12135389],1281.53
[-0.12237388],1281.67
[-0.11051479],1281.74
[-0.12192175],1281.81
[-0.12142551],1281.88
[-0.11963558],1281.95
[-0.08533892],1282.02
[-0.12370971],1282.08
[-0.12639165],1282.08
[-0.12314531],1282.16
[-0.12363243],1282.3
[-0.12366095],1282.44
[-0.12594485],1282.58
[-0.12499231],1282.58
[-0.12464625],1282.72
[-0.12552577],1282.79
[-0.123896],1282.85
[-0.11406952],1282.93
[-0.11675608],1283.0
[-0.11774385],1283.07
[-0.1235953],1283.14
[-0.1265474],1283.21
[-0.12617022],1283.28
[-0.12574708],1283.34
[-0.11953688],1283.49
[-0.12150279],1283.63
[-0.12647349],1283.77
[-0.12631321],1283.83
[-0.12134361],1283.91
[-0.11963338],1283.98
[-0.11835939],1284.05
[-0.12500319],1284.11
[-0.1227963],1284.19
[-0.12347141],1284.26
[-0.1157254],1284.33
[-0.12964302],1284.4
[-0.10692304],1284.54
[-0.07464445],1284.68
[-0.11262202],1284.82
[-0.11542344],1284.96
[-0.12644815],1285.03
[-0.11321676],1285.09
[-0.10919774],1285.17
[-0.10972244],1285.24
[-0.11107755],1285.31
[-0.11590606],1285.38
[-0.12448704],1285.45
[-0.12192726],1285.52
[-0.12170124],1285.58
[-0.12300104],1285.58
[-0.11795929],1285.73
[-0.11854428],1285.86
[-0.11856282],1286.01
[-0.12118298],1286.08
[-0.11941606],1286.08
[-0.11841384],1286.15
[-0.11235815],1286.22
[-0.10965487],1286.29
[-0.1074093],1286.35
[-0.107342],1286.43
[-0.12060827],1286.5
[-0.12520307],1286.57
[-0.12634224],1286.64
[-0.12656271],1286.78
[-0.11379969],1286.92
[-0.12544027],1287.06
[-0.11063266],1287.2
[-0.11922801],1287.27
[-0.11729702],1287.33
[-0.11241373],1287.33
[-0.10612953],1287.41
[-0.12063521],1287.48
[-0.12439531],1287.55
[-0.12552229],1287.61
[-0.12255234],1287.69
[-0.11512077],1287.76
[-0.11188209],1287.83
[-0.11087608],1287.83
[-0.11606377],1287.97
[-0.07975718],1288.1
[-0.02423036],1288.25
[-0.10296041],1288.32
[-0.12218678],1288.39
[-0.11082417],1288.46
[-0.12222522],1288.53
[-0.10779339],1288.59
[-0.10962468],1288.67
[-0.11346596],1288.74
[-0.11751461],1288.81
[-0.09353185],1288.88
[-0.09004915],1289.02
[-0.10046887],1289.08
[-0.10358721],1289.16
[-0.11400002],1289.3
[-0.12367195],1289.44
[-0.12100339],1289.51
[-0.12559614],1289.58
[-0.1260274],1289.58
[-0.12638563],1289.65
[-0.12564644],1289.72
[-0.12549615],1289.79
[-0.12375414],1289.85
[-0.10737664],1289.93
[-0.08466458],1290.0
[-0.09278151],1290.07
[-0.10748333],1290.21
[-0.11429822],1290.34
[-0.12494653],1290.49
[-0.12626809],1290.56
[-0.12425768],1290.63
[-0.12388337],1290.7
[-0.1235128],1290.77
[-0.12460181],1290.83
[-0.12306082],1290.91
[-0.12698108],1290.98
[-0.09766185],1291.05
[0.25961214],1291.11
[0.23566872],1291.26
[0.08157077],1291.33
[-0.0986585],1291.4
[-0.11881912],1291.54
[-0.12481788],1291.68
[-0.12139916],1291.75
[-0.12587166],1291.82
[-0.12351853],1291.89
[-0.10495144],1291.96
[-0.070351],1292.03
[0.01884216],1292.09
[-0.09336433],1292.17
[-0.12165761],1292.24
[-0.12020457],1292.31
[-0.1251334],1292.45
[-0.12609023],1292.58
[-0.12556535],1292.58
[-0.12603325],1292.73
[-0.12606314],1292.8
[-0.12044883],1292.86
[-0.10812277],1292.94
[-0.12117136],1293.01
[-0.1225943],1293.08
[-0.11745048],1293.08
[-0.10965231],1293.15
[-0.126198],1293.22
[-0.12294766],1293.29
[-0.12189758],1293.35
[-0.12094063],1293.43
[-0.12461635],1293.5
[-0.12491143],1293.64
[-0.12377459],1293.78
[-0.12446791],1293.92
[-0.11790866],1293.99
[-0.12402204],1294.06
[-0.12298781],1294.13
[-0.10761082],1294.2
[-0.1140759],1294.27
[-0.11768717],1294.33
[-0.12357998],1294.33
[-0.11986133],1294.41
[-0.10933852],1294.48
[-0.10677487],1294.55
[-0.10988289],1294.69
[-0.11579418],1294.83
[0.00308824],1294.83
[0.25091],1294.97
[-0.0673193],1295.04
[-0.08345082],1295.1
[-0.10159171],1295.18
[-0.12467355],1295.25
[-0.11851716],1295.32
[-0.12415439],1295.39
[-0.12242842],1295.46
[-0.07363153],1295.53
[0.00168371],1295.59
[-0.12433773],1295.67
[-0.11739904],1295.74
[-0.12013203],1295.88
[-0.12152082],1296.02
[-0.12489432],1296.08
[-0.12563753],1296.16
[-0.11858141],1296.23
[-0.1169402],1296.3
[-0.12195837],1296.36
[-0.12321907],1296.44
[-0.12632954],1296.51
[-0.12434679],1296.58
[-0.12460855],1296.65
[-0.11513579],1296.72
[-0.12044328],1296.79
[-0.11581007],1296.93
[-0.12579387],1297.07
[-0.12187618],1297.21
[-0.1256659],1297.28
[-0.12722361],1297.34
[-0.11854923],1297.42
[-0.11060417],1297.49
[-0.11979449],1297.56
[-0.12515017],1297.63
[-0.11996716],1297.7
[-0.12228829],1297.77
[-0.12447047],1297.83
[-0.1091817],1297.83
[-0.0942691],1297.91
[-0.10079879],1297.98
[-0.12549764],1298.11
[-0.12472811],1298.26
[-0.12341797],1298.33
[-0.11836541],1298.4
[-0.11932552],1298.47
[-0.11652064],1298.54
[-0.11263025],1298.6
[-0.11421365],1298.68
[-0.11246172],1298.75
[-0.12194693],1298.82
[-0.11878473],1298.89
[-0.12052551],1298.96
[-0.11804596],1299.03
[-0.12200126],1299.17
[-0.11719868],1299.31
[-0.11168677],1299.45
[-0.07157347],1299.52
[-0.0810692],1299.58
[-0.09993798],1299.58
[-0.11605868],1299.66
[-0.11722523],1299.73
[-0.12290817],1299.8
[-0.12012702],1299.86
[-0.11830014],1299.94
[-0.12157071],1300.01
[-0.12283289],1300.08
[-0.11546582],1300.08
[-0.06174821],1300.22
[-0.0153999],1300.35
[-0.09471336],1300.5
[-0.12556279],1300.64
[-0.12241805],1300.71
[-0.1177398],1300.78
[-0.11599636],1300.84
[-0.11523283],1300.92
[-0.11989418],1300.99
[-0.12067467],1301.06
[-0.12006328],1301.13
[-0.117798],1301.2
[-0.12195313],1301.27
[-0.11996865],1301.33
[-0.11775434],1301.41
[-0.1156573],1301.55
[-0.1083093],1301.69
[-0.1108624],1301.76
[-0.11292809],1301.83
[-0.12103677],1301.83
[-0.12351996],1301.9
[-0.12468755],1301.97
[-0.12297526],1302.04
[-0.11953995],1302.1
[-0.11145881],1302.18
[-0.04497981],1302.25
[0.13905135],1302.32
[0.04258487],1302.46
[-0.09856135],1302.59
[-0.11235756],1302.74
[-0.12115747],1302.88
[-0.1220549],1302.95
[-0.12363404],1303.02
[-0.1245639],1303.08
[-0.12237781],1303.16
[-0.11549291],1303.23
[-0.10957319],1303.3
[-0.1135447],1303.36
[-0.11887056],1303.44
[-0.1241093],1303.51
[-0.12554103],1303.58
[-0.11627263],1303.65
[-0.11926565],1303.79
[-0.11984313],1303.93
[-0.11959738],1304.0
[-0.11874115],1304.07
[-0.11747903],1304.14
[-0.12202138],1304.21
[-0.11930752],1304.28
[-0.12041146],1304.34
[-0.12084556],1304.42
[-0.11574787],1304.49
[-0.12090498],1304.56
[-0.1201368],1304.7
[-0.11395866],1304.83
[-0.11645505],1304.83
[-0.11442363],1304.98
[-0.11630195],1305.11
[-0.11674643],1305.19
[-0.11123604],1305.26
[-0.11119157],1305.33
[-0.11131907],1305.33
[-0.11094218],1305.4
[-0.10533363],1305.47
[-0.09111568],1305.54
[-0.08727208],1305.6
[-0.09161878],1305.68
[-0.10150111],1305.75
[-0.11121446],1305.89
[-0.10978448],1306.03
[-0.10790324],1306.17
[-0.11840296],1306.24
[-0.12263381],1306.31
[-0.11216468],1306.38
[-0.1252957],1306.45
[-0.11899036],1306.52
[-0.11703619],1306.58
[-0.12392235],1306.58
[-0.12129253],1306.66
[-0.12056416],1306.73
[-0.12139416],1306.8
[-0.1229046],1306.94
[-0.10718262],1307.08
[-0.07476988],1307.08
[-0.07903138],1307.22
[0.05224586],1307.35
[0.09441149],1307.43
[-0.07442325],1307.5
[-0.09304735],1307.57
[-0.06257978],1307.64
[-0.06383619],1307.71
[-0.09902781],1307.78
[-0.10891607],1307.84
[-0.10904062],1307.92
[-0.12455612],1307.99
[-0.12433478],1308.13
[-0.12485403],1308.27
[-0.12472841],1308.33
[-0.11547893],1308.41
[-0.11553299],1308.48
[-0.11660978],1308.55
[-0.11430773],1308.61
[-0.1238203],1308.69
[-0.12324741],1308.76
[-0.12483981],1308.83
[-0.11576253],1308.9
[-0.11169738],1308.97
[-0.12034392],1309.04
[-0.11794126],1309.1
[-0.11797875],1309.18
[-0.12068623],1309.32
[-0.12286413],1309.46
[-0.12467241],1309.59
[-0.11296514],1309.67
[-0.1251154],1309.74
[-0.11328128],1309.81
[-0.11075553],1309.88
[-0.06048769],1309.95
[-0.0176205],1310.02
[0.00733808],1310.08
[-0.10151133],1310.08
[-0.10867274],1310.16
[-0.10349399],1310.23
[-0.10819423],1310.36
[-0.11280084],1310.51
[-0.11304116],1310.58
[-0.11050004],1310.65
[-0.118954],1310.72
[-0.01743352],1310.79
[0.11723214],1310.86
[0.1026352],1310.93
[-0.11724678],1311.0
[-0.12286329],1311.07
[-0.12192157],1311.14
[-0.12148595],1311.21
[-0.12275764],1311.28
[-0.12318474],1311.42
[-0.12248024],1311.56
[-0.11975685],1311.7
[-0.11134142],1311.84
[-0.11473906],1311.91
[-0.12081638],1311.98
[-0.12471628],1312.05
[-0.12287128],1312.12
[-0.1241498],1312.19
[-0.12293947],1312.26
[-0.12465751],1312.33
[-0.12207818],1312.4
[-0.11666206],1312.47
[-0.05807522],1312.61
[0.03767443],1312.75
[-0.05906931],1312.89
[-0.00575596],1312.96
[-0.08535582],1313.03
[-0.1026507],1313.1
[-0.11075166],1313.17
[-0.1163649],1313.24
[-0.12137529],1313.31
[-0.12544909],1313.38
[-0.12541175],1313.45
[-0.12604511],1313.52
[-0.12263975],1313.66
[-0.11727399],1313.8
[-0.11935702],1313.94
[-0.12451851],1314.08
[-0.12527555],1314.15
[-0.12532026],1314.22
[-0.12495214],1314.29
[-0.12440974],1314.36
[-0.12514582],1314.43
[-0.12643215],1314.5
[-0.11789113],1314.57
[-0.09055915],1314.64
[-0.03419378],1314.71
[-0.08083642],1314.85
[-0.10372293],1314.99
[-0.12456089],1315.13
[-0.09679282],1315.2
[-0.10447204],1315.27
[-0.12241626],1315.34
[-0.1234985],1315.41
[-0.10921907],1315.48
[-0.12078646],1315.55
[-0.1208061],1315.62
[-0.11112708],1315.69
[-0.11879066],1315.76
[-0.10841542],1315.9
[-0.10716504],1316.04
[-0.10786459],1316.18
[-0.11296117],1316.32
[-0.11003515],1316.39
[-0.11682004],1316.46
[-0.124403],1316.53
[-0.07131404],1316.6
[-0.09035212],1316.67
[-0.11477035],1316.74
[-0.12338012],1316.81
[-0.10661712],1316.88
[-0.12286109],1316.95
[-0.11651701],1317.09
[-0.12014979],1317.23
[-0.10256228],1317.37
[-0.11519039],1317.51
[-0.11461252],1317.58
[-0.11883435],1317.65
[-0.12202278],1317.72
[-0.12509942],1317.79
[-0.12326139],1317.86
[-0.12491468],1317.93
[-0.12399262],1318.0
[-0.12303343],1318.14
[-0.11768508],1318.28
[-0.10758501],1318.42
[0.23668507],1318.56
[0.14855193],1318.63
[-0.03317964],1318.7
[-0.1083211],1318.77
[-0.11326069],1318.84
[-0.11071718],1318.91
[-0.10930139],1318.98
[-0.10863248],1319.05
[-0.10666069],1319.12
[-0.10783517],1319.19
[-0.11198103],1319.33
[-0.12270445],1319.47
[-0.12424088],1319.61
[-0.12464985],1319.75
[-0.11907178],1319.82
[-0.11964059],1319.89
[-0.12335688],1319.96
[-0.12070489],1320.03
[-0.11982679],1320.1
[-0.12248707],1320.17
[-0.12519556],1320.24
[-0.10089892],1320.31
[-0.11816314],1320.38
[-0.10161394],1320.52
[-0.10054779],1320.66
[-0.10317403],1320.8
[-0.10794514],1320.87
[-0.11534706],1320.94
[-0.12075233],1321.01
[-0.12163764],1321.08
[-0.12075967],1321.15
[-0.11846018],1321.22
[-0.11995083],1321.29
[-0.1140551],1321.36
[-0.12124747],1321.43
[-0.12331882],1321.57
[-0.11605683],1321.71
[-0.11871749],1321.85
[-0.12266988],1321.99
[-0.11927095],1322.06
[-0.1177479],1322.13
[-0.11654046],1322.2
[-0.12410766],1322.27
[-0.10790327],1322.34
[-0.1112026],1322.41
[-0.12109965],1322.48
[-0.11916447],1322.62
[-0.11689061],1322.76
[-0.11500382],1322.9
[-0.11754596],1323.04
[-0.11188534],1323.11
[-0.10378069],1323.18
[-0.12087506],1323.25
[-0.11862135],1323.32
[-0.12127924],1323.39
[-0.12169737],1323.46
[-0.11299181],1323.53
[-0.11922655],1323.6
[-0.12087637],1323.67
[-0.1239112],1323.81
[-0.11577079],1323.95
[-0.10761976],1324.09
[-0.11498117],1324.16
[-0.12178829],1324.23
[-0.12123191],1324.3
[-0.12305552],1324.37
[-0.12344354],1324.44
[-0.1200704],1324.51
[-0.11635619],1324.58
[-0.11293286],1324.65
[-0.11713982],1324.72
[-0.122181],1324.86
[-0.10151196],1325.0
[-0.11352798],1325.14
[0.11583403],1325.28
[-0.10285461],1325.35
[-0.11909664],1325.42
[-0.1151661],1325.49
[-0.11727685],1325.56
[-0.11545539],1325.63
[-0.11787361],1325.7
[-0.11599153],1325.77
[-0.1034413],1325.84
[-0.09523687],1325.91
[-0.10093975],1326.05
[-0.10611048],1326.19
[-0.10705146],1326.33
[-0.11485562],1326.4
[-0.11863619],1326.47
[-0.11610913],1326.54
[-0.11394697],1326.61
[0.2596835],1326.68
[-0.01308876],1326.75
[0.06986544],1326.82
[0.04573143],1326.89
[-0.10120112],1326.96
[0.26578957],1327.1
[-0.11017025],1327.24
[-0.12130544],1327.38
[-0.12439877],1327.52
[-0.12451184],1327.59
[-0.07290769],1327.66
[-0.11329532],1327.73
[0.21092391],1327.8
[-0.11015308],1327.87
[-0.10667312],1327.94
[-0.12115157],1328.01
[-0.12447679],1328.08
[-0.12283981],1328.15
[-0.11188442],1328.29
[-0.11020923],1328.43
[-0.10853267],1328.57
[0.00266829],1328.64
[0.19671682],1328.71
[-0.05265304],1328.78
[-0.10960892],1328.85
[-0.11591858],1328.92
[-0.12156618],1328.99
[-0.11957055],1329.06
[-0.10720956],1329.13
[0.07165715],1329.2
[0.15181392],1329.34
[0.0488793],1329.48
[-0.07203594],1329.62
[-0.02572101],1329.76
[-0.09558639],1329.83
[-0.10194504],1329.9
[-0.11268598],1329.97
[-0.11545616],1330.04
[-0.12088317],1330.11
[-0.12214047],1330.18
[-0.12100723],1330.25
[-0.12174252],1330.32
[-0.12207031],1330.39
[-0.10796162],1330.53
[-0.11141735],1330.67
[-0.11018425],1330.81
[-0.11135614],1330.88
[-0.12008303],1330.95
[0.14860305],1331.02
[0.25436786],1331.09
[0.04087263],1331.16
[-0.08432677],1331.23
[-0.1009174],1331.3
[-0.11828202],1331.37
[-0.04980099],1331.44
[-0.04969966],1331.58
[-0.0970856],1331.72
[-0.09022623],1331.86
[-0.12468171],1332.0
[-0.12521917],1332.07
[-0.10978222],1332.14
[-0.1186997],1332.21
[-0.12018371],1332.28
[-0.11993039],1332.35
[-0.10759664],1332.42
[-0.11371118],1332.49
[-0.12249953],1332.56
[-0.12137792],1332.63
[-0.12387675],1332.77
[-0.08460101],1332.91
[0.06986853],1333.05
[-0.09154376],1333.12
[-0.10947251],1333.19
[-0.11408561],1333.26
[-0.12034944],1333.33
[-0.11593646],1333.4
[-0.08445829],1333.47
[-0.09151858],1333.54
[-0.10156626],1333.61
[-0.11926943],1333.68
[-0.12214279],1333.82
[-0.12466833],1333.96
[-0.11798644],1334.1
[-0.1202274],1334.24
[-0.12448704],1334.31
[-0.12082982],1334.38
[-0.11605507],1334.45
[-0.12375611],1334.52
[-0.12461847],1334.59
[-0.124883],1334.66
[-0.12381428],1334.73
[-0.12458456],1334.8
[-0.12211949],1334.87
[-0.12085336],1335.01
[-0.11032534],1335.15
[-0.10357985],1335.29
[-0.10485953],1335.36
[-0.10744935],1335.43
[-0.11201692],1335.5
[-0.12328309],1335.57
[-0.12402576],1335.64
[-0.12412214],1335.71
[-0.11818084],1335.78
[-0.10667035],1335.85
[-0.10331389],1335.92
[-0.10338223],1336.06
[-0.10053703],1336.2
[-0.11666891],1336.34
[-0.11125445],1336.48
[-0.11794755],1336.55
[-0.12005746],1336.62
[-0.11363941],1336.69
[-0.11860806],1336.76
[-0.11134773],1336.83
[-0.11466444],1336.9
[-0.11044589],1336.97
[-0.11269164],1337.04
[-0.10942042],1337.11
[-0.1258375],1337.25
[-0.09965527],1337.39
[-0.116045],1337.53
[-0.12021351],1337.6
[-0.11718136],1337.67
[-0.12203136],1337.74
[-0.12425685],1337.81
[-0.11842737],1337.88
[-0.11936498],1337.95
[-0.12430125],1338.02
[-0.11992317],1338.09
[-0.12404338],1338.16
[-0.09161574],1338.3
[-0.09603167],1338.44
[-0.12267065],1338.58
[-0.1102882],1338.72
[-0.10413599],1338.79
[-0.10844803],1338.86
[-0.11063093],1338.93
[0.25098842],1339.0
[0.10833913],1339.07
[-0.0337615],1339.14
[-0.00545362],1339.21
[-0.11030477],1339.28
[-0.12190282],1339.35
[-0.1207121],1339.49
[-0.12406826],1339.63
[-0.12337631],1339.77
[-0.12341571],1339.84
[-0.11659408],1339.91
[-0.1090228],1339.98
[-0.12014347],1340.05
[-0.11500919],1340.12
[-0.12177718],1340.19
[-0.11409998],1340.26
[-0.12236047],1340.33
[-0.1239315],1340.4
[-0.12395447],1340.54
[-0.12170851],1340.68
[-0.11772603],1340.82
[-0.1184575],1340.96
[-0.10674822],1341.03
[-0.12022191],1341.1
[-0.11383358],1341.17
[-0.11214072],1341.24
[-0.12287587],1341.31
[-0.12310767],1341.38
[-0.11179787],1341.45
[-0.11277449],1341.52
[-0.11707371],1341.59
[-0.11690691],1341.73
[-0.10157672],1341.87
[-0.10600209],1342.01
[-0.11627388],1342.08
[-0.11910921],1342.15
[-0.12094712],1342.22
[-0.11980009],1342.29
[-0.06496841],1342.36
[0.10668772],1342.43
[-0.08528289],1342.5
[-0.11232704],1342.57
[-0.11656502],1342.64
[-0.1088261],1342.78
[0.261638],1342.92
[0.26140654],1343.06
[-0.09485662],1343.2
[-0.11453789],1343.27
[-0.12153971],1343.34
[-0.12341857],1343.41
[-0.12429696],1343.48
[-0.11983332],1343.55
[-0.12262571],1343.62
[-0.12065291],1343.69
[-0.10026705],1343.76
[-0.10511732],1343.83
[-0.10879171],1343.97
[-0.11194497],1344.11
[-0.10673165],1344.25
[-0.10682875],1344.39
[-0.1116387],1344.46
[-0.11590144],1344.53
[-0.12098113],1344.6
[-0.10161835],1344.67
[-0.0861553],1344.74
[-0.01254934],1344.81
[0.26008928],1344.88
[0.17965882],1345.02
[0.22211783],1345.16
[-0.06127593],1345.3
[-0.10268638],1345.44
[-0.10982513],1345.51
[-0.10975593],1345.58
[-0.11495674],1345.65
[-0.10187316],1345.72
[0.26061904],1345.79
[-0.07848859],1345.86
[-0.10676163],1345.93
[-0.11757284],1346.0
[-0.12098926],1346.07
[-0.12113658],1346.21
[-0.11941636],1346.35
[-0.11911964],1346.49
[-0.12205434],1346.56
[-0.12391537],1346.63
[-0.11212558],1346.7
[-0.08730817],1346.77
[-0.09325263],1346.84
[-0.10175234],1346.91
[-0.10737753],1346.98
[-0.11900091],1347.05
[-0.12398359],1347.12
[-0.12338069],1347.26
[-0.1204409],1347.4
[-0.11699408],1347.54
[-0.11528957],1347.68
[-0.11777443],1347.75
[-0.11649483],1347.82
[-0.11766952],1347.89
[-0.12084875],1347.96
[-0.12109214],1348.03
[-0.12074363],1348.1
[-0.12206033],1348.17
[-0.11866796],1348.24
[-0.12126514],1348.31
[-0.11538613],1348.45
[-0.11179423],1348.59
[-0.10878497],1348.73
[-0.10550863],1348.8
[-0.10676634],1348.87
[-0.11167133],1348.94
[-0.11309862],1349.01
[-0.11960387],1349.08
[-0.12314707],1349.15
[-0.12075219],1349.22
[-0.11883795],1349.29
[-0.10284141],1349.36
[-0.11442816],1349.43
[-0.11495322],1349.5
[-0.11767715],1349.64
[-0.12132129],1349.78
[-0.11886221],1349.92
[-0.1240105],1349.99
[-0.12140235],1350.06
[-0.12245232],1350.13
[-0.12121907],1350.2
[-0.11425966],1350.27
[-0.00660765],1350.34
[-0.10204577],1350.41
[-0.11264169],1350.48
[-0.12348747],1350.55
[-0.12173969],1350.69
[-0.12366992],1350.83
[-0.12441093],1350.97
[-0.11286294],1351.04
[-0.08681798],1351.11
[-0.08789822],1351.18
[-0.09597534],1351.25
[-0.11366686],1351.32
[-0.1189245],1351.39
[-0.11735156],1351.46
[-0.11491442],1351.53
[-0.1214619],1351.6
[-0.10850927],1351.67
[-0.11289915],1351.74
[-0.11865577],1351.88
[-0.11861369],1352.02
[-0.11379361],1352.16
[-0.11289385],1352.23
[-0.10379654],1352.3
[-0.10543916],1352.37
[-0.09673199],1352.44
[-0.08782718],1352.51
[-0.09837073],1352.58
[-0.10448179],1352.65
[-0.11106908],1352.72
[-0.11603016],1352.79
[-0.12043494],1352.93
[-0.12392715],1353.07
[-0.1215989],1353.21
[-0.12505558],1353.28
[-0.12290025],1353.35
[-0.12318778],1353.42
[-0.12378067],1353.49
[-0.12440804],1353.56
[-0.12393683],1353.63
[-0.12406969],1353.7
[-0.12379736],1353.77
[-0.12384263],1353.84
[-0.12132305],1353.91
[-0.11809129],1353.98
[-0.10759538],1354.12
[-0.11452943],1354.26
[-0.11992195],1354.4
[-0.12215158],1354.47
[-0.12252557],1354.54
[-0.11568266],1354.61
[-0.11600894],1354.68
[-0.117217],1354.75
[-0.11970717],1354.82
[-0.12033504],1354.89
[-0.12069261],1354.96
[-0.12175989],1355.03
[-0.11090326],1355.17
[-0.11161458],1355.31
[-0.1179679],1355.45
[-0.11971572],1355.52
[-0.12207687],1355.59
[-0.11833709],1355.66
[-0.11845857],1355.73
[-0.12236691],1355.8
[-0.12488335],1355.87
[-0.11977905],1355.94
[-0.11878186],1356.01
[-0.11617881],1356.08
[-0.12604094],1356.22
[-0.11713338],1356.36
[-0.12139449],1356.5
[-0.12004185],1356.64
[-0.11410522],1356.71
[-0.10626179],1356.78
[-0.1174095],1356.85
[-0.12475541],1356.92
[-0.11655897],1356.99
[-0.11188507],1357.06
[-0.11977643],1357.13
[-0.12066543],1357.2
[-0.11798137],1357.27
[-0.12260774],1357.41
[-0.12010336],1357.55
[-0.11919075],1357.69
[-0.12332863],1357.76
[-0.12226284],1357.83
[-0.11277753],1357.9
[-0.10388035],1357.97
[-0.11366612],1358.04
[-0.11472401],1358.11
[-0.11494049],1358.18
[-0.12123263],1358.25
[-0.12092125],1358.32
[-0.12018508],1358.46
[-0.1198507],1358.6
[-0.118377],1358.74
[-0.11944652],1358.88
[-0.11848027],1358.95
[-0.12337321],1359.02
[-0.1136049],1359.09
[-0.1184127],1359.16
[-0.11857411],1359.23
[-0.11986619],1359.3
[-0.12015009],1359.37
[-0.1171279],1359.44
[-0.11693192],1359.51
[-0.11805111],1359.65
[-0.11831886],1359.79
[-0.12397152],1359.93
[-0.12248823],1360.0
[-0.12403238],1360.07
[-0.12387183],1360.14
[-0.12445146],1360.21
[-0.12471637],1360.28
[-0.12515765],1360.35
[-0.11959231],1360.42
[-0.11120576],1360.49
[-0.11191428],1360.56
[-0.10814315],1360.7
[-0.11678147],1360.84
[-0.12409729],1360.98
[-0.12380904],1361.12
[-0.12363863],1361.19
[-0.12063956],1361.26
[-0.12240452],1361.33
[-0.1214177],1361.4
[-0.11431533],1361.47
[-0.11780664],1361.54
[-0.11884034],1361.61
[-0.11194748],1361.68
[0.20571569],1361.75
[0.2518571],1361.89
[0.20697416],1362.03
[0.0013352],1362.17
[-0.07729316],1362.24
[-0.09300947],1362.31
[-0.11248973],1362.38
[-0.11051974],1362.45
[-0.1002976],1362.52
[-0.12297693],1362.59
[-0.10857606],1362.66
[-0.11685693],1362.73
[-0.11704919],1362.8
[-0.12145233],1362.94
[-0.12319803],1363.08
[-0.12304127],1363.22
[-0.10287875],1363.36
[-0.11954093],1363.43
[0.00522298],1363.5
[-0.0492171],1363.57
[-0.09643239],1363.64
[-0.10423189],1363.71
[-0.11095837],1363.78
[-0.12032586],1363.85
[-0.12325814],1363.92
[-0.12229693],1363.99
[-0.11990517],1364.13
[-0.06304958],1364.27
[-0.06295383],1364.41
[-0.11670238],1364.48
[-0.08053994],1364.55
[-0.07571131],1364.62
[-0.10409552],1364.69
[-0.10672864],1364.76
[-0.12128967],1364.83
[-0.12322778],1364.9
[-0.11991203],1364.97
[-0.11844754],1365.04
[-0.11944681],1365.18
[-0.1192084],1365.32
[-0.12150982],1365.46
[-0.11735433],1365.6
[-0.11684072],1365.67
[-0.11900306],1365.74
[-0.11759269],1365.81
[-0.12112916],1365.88
[-0.10860458],1365.95
[-0.08828852],1366.02
[-0.08508074],1366.09
[0.22570023],1366.16
[0.14213361],1366.23
[-0.01531693],1366.37
[-0.09355363],1366.51
[-0.10400295],1366.65
[-0.11075345],1366.72
[-0.11533606],1366.79
[-0.11459202],1366.86
[-0.11192554],1366.93
[-0.10628235],1367.0
[-0.10609782],1367.07
[-0.11119777],1367.14
[-0.1093556],1367.21
[-0.1036987],1367.28
[-0.11214566],1367.42
[-0.12020561],1367.56
[-0.12183705],1367.7
[-0.12251979],1367.84
[-0.1139898],1367.91
[-0.10826492],1367.98
[-0.09915656],1368.05
[-0.08914495],1368.12
[0.05463189],1368.19
[0.02813783],1368.26
[0.25939652],1368.33
[-0.03501454],1368.4
[-0.0942468],1368.47
[-0.10050517],1368.61
[-0.10691532],1368.75
[-0.08163682],1368.89
[-0.03964835],1368.96
[-0.05925253],1369.03
[0.06822145],1369.1
[0.174774],1369.17
[-0.07674715],1369.24
[-0.10472935],1369.31
[0.26610976],1369.38
[-0.0308857],1369.45
[-0.09906358],1369.52
[-0.09586021],1369.66
[-0.06947148],1369.8
[-0.09119698],1369.94
[-0.10021722],1370.08
[-0.11516392],1370.15
[-0.10856694],1370.22
[-0.10045791],1370.29
[-0.09524047],1370.36
[-0.08643499],1370.43
[-0.09154922],1370.5
[-0.1064589],1370.57
[-0.07953122],1370.64
[-0.06188264],1370.71
[-0.08397606],1370.85
[-0.10220587],1370.99
[-0.10614437],1371.13
[-0.12473297],1371.2
[-0.10799044],1371.27
[-0.12378678],1371.34
[-0.12129065],1371.41
[-0.12410724],1371.48
[-0.12293243],1371.55
[-0.12426931],1371.62
[-0.12382022],1371.69
[-0.1241447],1371.76
[-0.12421012],1371.9
[-0.11993778],1372.04
[-0.11014837],1372.18
[-0.10999036],1372.32
[-0.11427864],1372.39
[-0.11823988],1372.46
[-0.11905986],1372.53
[-0.10430726],1372.6
[-0.10072497],1372.67
[-0.09486634],1372.74
[-0.09144416],1372.81
[0.04830593],1372.88
[0.09241933],1372.95
[-0.05902788],1373.09
[-0.10365751],1373.23
[-0.11214143],1373.37
[-0.11940166],1373.51
[-0.11566153],1373.58
[-0.11988926],1373.65
[-0.12155366],1373.72
[-0.12422252],1373.79
[-0.11865687],1373.86
[-0.12408954],1373.93
[-0.105748],1374.0
[-0.11599582],1374.14
[-0.11952433],1374.28
[-0.12043774],1374.42
[-0.12318152],1374.56
[-0.12303445],1374.63
[-0.11939484],1374.7
[-0.12452149],1374.77
[-0.11698645],1374.84
[-0.11157829],1374.91
[-0.12381256],1374.98
[-0.11098552],1375.05
[-0.1212889],1375.12
[-0.12100339],1375.19
[-0.12419546],1375.33
[-0.1230849],1375.47
[-0.12168947],1375.61
[-0.11870694],1375.75
[-0.10982025],1375.82
[-0.11521161],1375.89
[-0.12199187],1375.96
[-0.12340698],1376.03
[-0.12260687],1376.1
[-0.11578518],1376.17
[-0.10873735],1376.24
[-0.11027041],1376.31
[-0.11074996],1376.38
[-0.11053145],1376.52
[-0.12038934],1376.66
[-0.10886276],1376.8
[-0.1028479],1376.87
[-0.11243355],1376.94
[-0.11207068],1377.01
[-0.12144193],1377.08
[-0.12323603],1377.15
[-0.12427929],1377.22
[-0.12453508],1377.29
[-0.11408019],1377.36
[-0.11294127],1377.43
[-0.10465205],1377.57
[-0.09596792],1377.71
[-0.04842117],1377.85
[-0.09413293],1377.99
[-0.11351544],1378.06
[-0.12298733],1378.13
[-0.11612153],1378.2
[-0.11823222],1378.27
[-0.12304676],1378.34
[-0.1233778],1378.41
[-0.11987433],1378.48
[-0.10603282],1378.62
[-0.11277366],1378.76
[-0.11901507],1378.9
[-0.11687708],1379.04
[-0.10652336],1379.11
[-0.11697263],1379.18
[-0.11882985],1379.25
[-0.12064981],1379.32
[-0.12296033],1379.39
[-0.12082425],1379.46
[-0.10284317],1379.53
[-0.10493493],1379.6
[-0.10014561],1379.67
[-0.10666037],1379.81
[-0.12208456],1379.95
[-0.12363952],1380.09
[-0.12370533],1380.16
[-0.12058645],1380.23
[-0.11649245],1380.3
[-0.11652112],1380.37
[-0.10757232],1380.44
[0.25266457],1380.51
[0.23739654],1380.58
[-0.02762118],1380.65
[-0.08515805],1380.72
[-0.10412258],1380.86
[-0.07207757],1381.0
[0.16537476],1381.14
[0.17987995],1381.28
[-0.0743621],1381.35
[-0.11648017],1381.42
[0.22187324],1381.49
[-0.09136701],1381.56
[-0.09679341],1381.63
[-0.11424965],1381.7
[-0.10177699],1381.77
[-0.10714525],1381.84
[-0.11654884],1381.91
[-0.11920524],1382.05
[-0.10937548],1382.19
[-0.10320914],1382.33
[0.23606116],1382.4
[0.26011777],1382.47
[0.09001181],1382.54
[-0.08955166],1382.61
[-0.10259157],1382.68
[-0.10588565],1382.75
[-0.11447963],1382.82
[-0.08275977],1382.89
[0.13005877],1382.96
[-0.003629],1383.1
[0.26117632],1383.24
[-0.09433454],1383.38
[-0.08233017],1383.52
[-0.12036926],1383.59
[-0.12203777],1383.66
[-0.12372413],1383.73
[-0.1182237],1383.8
[-0.11611807],1383.87
[-0.11669821],1383.94
[-0.11357293],1384.01
[-0.10897964],1384.08
[0.11287886],1384.15
[0.00343859],1384.29
[-0.0964382],1384.43
[-0.05940995],1384.57
[-0.09568265],1384.64
[-0.10758549],1384.71
[-0.10534638],1384.78
[-0.11361426],1384.85
[-0.117024],1384.92
[-0.10255909],1384.99
[-0.08722559],1385.06
[-0.09861165],1385.13
[-0.09737605],1385.2
[-0.11463261],1385.34
[-0.10876071],1385.48
[-0.11720347],1385.62
[-0.11999547],1385.76
[-0.11455739],1385.83
[-0.11586225],1385.9
[-0.12114361],1385.97
[-0.1190989],1386.04
[-0.1132085],1386.11
[-0.09558272],1386.18
[-0.09955597],1386.25
[-0.11455661],1386.32
[-0.12040979],1386.39
