0.12499236153982249
0.09124924414189903
0.07889327026946574
0.0734546856759036
0.07043264895718788
0.06826738823966391
0.06685160433773138
0.06569536611562107
0.06491591573876021
0.06429734805936885
0.0638520606826785
0.06344677577984176
0.06305100462041179
0.06270257578248163
0.06232013979445694
0.06205460190680442
0.06168326668325998
0.06152668140342284
0.061068581138797214
0.06087146705220375
0.06068535769644026
0.060301745947363934
0.060239757255614396
0.059945528542441735
0.05971172899616064
0.05958951233864494
0.05950868027263018
0.059306838003984313
0.05906526915586926
0.05888063268133555
0.05870715284044794
0.0585530530561433
0.05847933628091799
0.058237448144709415
0.058090494116298935
0.0579457532209581
0.05784689170816963
0.057760861701536236
0.05771966539489939
0.057639478954139005
0.05758109369770904
0.05757200968181489
0.05745853183411827
0.05724306869591203
0.057272420478616304
0.057194985185271226
0.05721033316501444
0.0570635710977182
0.057037244332038946
0.05685338134781583
0.05684988036399391
0.056797689471397274
0.05677439109747226
0.056660326012848754
0.056695323779144324
0.05670092924280676
0.05647580580503533
0.05653319539669842
0.05658263230640341
0.056433993127730536
0.05646378275794416
0.05628471390595768
0.05626612818198218
0.05625530036746785
0.05624204508706348
0.05612839412871057
0.05618904398784006
0.056109708523459
0.05595898014759287
0.0559872498795894
0.05594766938108403
0.05599287111356245
0.05587250919681243
0.05582071640580086
0.05580367148014079
0.05562288854202591
0.05578705967999934
0.05562334995089765
0.055588220175551796
0.05571007410176693
0.05550463313391269
0.05549247608207232
0.055512616081709
0.055438216428308366
0.05547215068078639
0.05547229838070282
0.055474050425254946
0.05542394600003188
0.05542372003148729
0.05526347620136653
0.05533046513482671
0.05526051584088253
0.055333868810538527
0.0552426253787336
0.055199334210432056
0.05522791280662677
0.05530494407113818
0.05518000138698819
0.05520599103561924
0.05513435026985019
0.05513181779418901
0.05512479471621072
0.055098566801318506
0.05502727608666892
0.05509364416408028
0.055096258259750265
0.054915472868147804
0.05489200840006612
0.0549852451428127
0.055004301868251934
0.054878766136642505
0.055326308065597865
0.06188908811477039
0.05863680985672591
0.05776233075380293
0.05716772273381938
0.05693225572712646
0.056596319425092606
0.05636613552997945
0.05611451323953017
0.05595757029472336
0.05598655258471154
0.055842012271825676
0.05574948984804492
0.05575185031335122
0.05561955063405432
0.05559429770527873
0.055495047355243424
0.05552235835884596
0.05547676117632466
0.05545087346738935
0.055270286427863066
0.05522765387367243
0.05510213143117473
0.05515303118359616
0.055182368917250736
0.0552604315939279
0.05516844779593692
0.05502007928169787
0.05506231579527251
0.05509203195784434
0.05495219628509218
0.055108823678271864
0.05479395794071963
0.05485538154942697
0.05471258867941823
0.05468211816476229
0.054662724181833176
0.05482145037510345
0.05460617144669091