0.1434878687180848
0.11277945354023977
0.10307419579750231
0.09791739637736893
0.08974711542221445
0.09636083881548625
0.08424616275104362
0.08062815467894316
0.09288522842250949
0.08609394193137453
0.08446931299335449
0.08472901389787306
0.08209271568467488
0.08353222563625556
0.07710881048148481
0.07464577096701584
0.07457214917708532
0.07033847282859083
0.06810434004131038
0.06725869563775567
0.07425673357837899
0.07054771050209933
0.07022021802528913
0.06854136732466075
0.0659061699352729
0.06443780208315195
0.0631580594662749
0.06246349874189751
0.06405156779022735
0.06682466991109352
0.06362561637063252
0.062296694725003876
0.06149699745967973
0.06066493243076646
0.06267075894855746
0.060722720057728434
0.05960588583382509
0.0592447033322808
0.058951139983780904
0.05832339883403332
0.05779282247514623
0.0580323579832244
0.05715317297761209
0.057001384599057216
0.057716595132034136
0.05689124038690093
0.05929954683348077
0.061220435595740016
0.06451173007063646
0.05977526209660241
0.05887722670978033
0.058040723329499964
0.05769304591829579
0.05696204651764756
0.05630404843233195
0.056008506282699294
0.05557129020624413
0.05831844249399077
0.05541285754114754
0.054881058040730644
0.05492786301238902
0.054362222642003834
0.05471182764976293
0.05448181435328876
0.0538638582563771
0.05391527862983944
0.0631809163056438
0.06224632383243719
0.059901158663346804
0.058617813658776274
0.0577757732103763
0.061503981017926375
0.06396495494768033
0.06198335345018178
0.05889637190368439
0.05780540270608195
0.05732702643284493
0.05623146340913841
0.05545520600082934
0.06202147824895361
0.07096083482107009
0.07242866657152955
0.07122198721540698
0.06204415076068926
0.05929743139720823
0.057917365668914686
0.056945626142422906
0.05657245503774428
0.05545473824475905
0.06704687063213062
0.06857631537875686
0.0654498570405668
0.06524750558409781
0.061894859036437225
0.06330396947891626
0.06479657281132804
0.06028197913270561
0.06263312132056392
0.058603161395513505
0.05725680754221908
0.05632833344007897
0.05549290946151793
0.05483685924717196
0.05496056368135618
0.05796069786469407
0.05539348594092729
0.05461545595873921
0.05430168281932538
0.05363773944182463
0.05355465785613258
0.0527279974227604
0.0529452834962544
0.05215844946812331
0.05199612250387234
0.058727158901938144
0.0723432840955519
0.07077487282434726
0.06425822450416645
0.06317480980839793
0.07427215877368186
0.06373008236352763
0.06369252543545752
0.06669037678021196
0.06535714029616009
0.060491369000432234
0.058836235822053655
0.0574623874234228
0.05650876010654554
0.05583896136509395
0.05520108430721365
0.05472033016913319
0.054931828611955634
0.061655764321333496
0.05501392703396496
0.060191530357379744
0.058819537563960356
0.05627654385831896
0.05515006299133209
0.054236352839623136
0.05354840087506035
0.05332473466358127
0.052740849119843204
0.052590441812510935
0.05205830576426214
0.051802212228844076
0.051820377938087796
0.051744062795969284
0.05159873050100823
0.05129698098046043
0.05112051355390567