0.21648444405204398
0.1717690394982919
0.16095431117567935
0.1554338400102851
0.1511609504530002
0.14822844706192148
0.1457698093499503
0.1439608268928168
0.14252724066564312
0.14156910890977584
0.14070392857072606
0.1400231701095962
0.13928966021429504
0.13850665743814
0.13783342597282125
0.1373658003324914
0.13703776286268282
0.13683222400669764
0.13637848412134657
0.13611620150410536
0.1358624091734254
0.13548461641838452
0.13525805167785085
0.1348653575640368
0.13468070824697517
0.1344581362619131
0.1342386001004182
0.13425520571462182
0.13403086088911437
0.13362149707235393
0.1336085247995188
0.13358496712382506
0.13339427071439103
0.13308362193901188
0.13311142717774202
0.13301766425684833
0.1330768337070094
0.13296953450146487
0.1330463112310085
0.13298840932762884
0.13270436221685708
0.13295670522241548
0.13271414355196914
0.13296311906166877
0.1326615692834237
0.1327266904718455
0.13262563304290295
0.13273574569338115
0.13253193616434525
0.13254130405704365
0.12509089902377057
0.12466812569774066
0.12454282021152141
0.12442407568065204
0.12438390370922414
0.1243186520569396
0.12423115450951891
0.12418855182942531
0.12413871829619617
0.12410010451544756
0.12406409130793714
0.12400940331053568
0.12398405428460209
0.12393486268756791
0.12390449802444582
0.12388090919717568
0.12385417529478847
0.12379737225286333
0.12379706909579985
0.1237781654224831
0.12372420082525455
0.12368795576876675
0.12370701194753364
0.1236877492863523
0.12363177321447358
0.12366462060555054
0.12361517586121934
0.1236110819843825
0.12355538517994372
0.12357294064563704
0.12352149590509
0.12354669105390467
0.12352129626218537
0.12350350744429345
0.12350807764002769
0.1234635954914684
0.12349976566031157
0.1234115882547159
0.12342562870269656
0.12344367781919684
0.12338779226857818
0.12339045675066813
0.12337164812223962
0.12337916352596709
0.12333603733753079
0.12334732183100214
0.12329574890494896
0.12330832957780302
0.12331246724076532
0.12326341511496199