0.12429711216082812
0.1048957104376933
0.09775100774039744
0.09423766230542784
0.08939355216201698
0.08490827016166798
0.07740006171439753
0.08166863440635727
0.07503292406267043
0.07432714353984515
0.06749439223420538
0.0728507514766854
0.06705081660349768
0.06339197929439645
0.06469855288123816
0.05996307445162592
0.05962339663161291
0.06996365339156392
0.06487619960026747
0.06294111813268857
0.0712103416065377
0.06334790676602081
0.059765915473584195
0.05817692932457346
0.062353757598221204
0.05993060545459547
0.057552216940728686
0.055767758488437624
0.05501959475586776
0.05436808333616165
0.05391666651421846
0.05346838834802741
0.05321379152697966
0.05273738441948266
0.05237668172302172
0.05216626084182805
0.05166739411803978
0.05144282882371254
0.05127767198502878
0.051033869253460346
0.05081671995062038
0.05058282063150182
0.05051337129158905
0.05022342029912496
0.055420817238066966
0.053883521224858094
0.052535990425752375
0.052052614840086775
0.0514607708287115
0.05108600165433807
0.05092030157598112
0.05065945592559217
0.050922402010719986
0.05025079804448113
0.05005632476217359
0.04979225437220503
0.05012429461179419
0.04948824829987678
0.04916866951624038
0.05344510144199307
0.0559975749186461
0.053793922364004064
0.052546068409291206
0.05194716074326887
0.05140160413990619
0.05106081894543425
0.050906104481727374
0.05052501738457387
0.05002175830433991
0.049807831346292714
0.04981805370555041
0.0497010579459584
0.049371610695209435
0.04926647447871622
0.049327355933388606
0.04900984711178152
0.04907608333402171
0.04868564614463602
0.048831695189830514
0.04859102879551251
0.048377620966319146
0.048338748441148285
0.04822635189551109
0.048137264546600986
0.04825690099095671
0.04796170173613245
0.04787516077395175
0.0478443074310876
0.04788590984497091
0.04788014185357405
0.047742855523462746
0.04752337723145937
0.04775473130461079
0.04738938961216697
0.04747995055625593
0.047428875846095925
0.047338357492018486
0.047196695632951355
0.04709661047908281
0.04723057627097638
0.046993298294095924
0.047029299659443066
0.04683594482335306
0.04704372512000902
0.04690342171135848
0.04672519581488423
0.04669841160773287
0.04677967703153307
0.04666367440822853
0.04647376552426245
0.046552451393436424
0.04660206866206872
0.046428610229951955
0.04640261049545759
0.04629778963304463
0.046392230523628925
0.046187440539331985
0.04626150044000881
0.046142108006755736
0.04619560601828632
0.04616820799136147
0.04608207832811623
0.046150204197742836
0.04595891305055817
0.04605753442564632
0.045944311698806826
0.04592065829020879
0.04590611447930321
0.045829252461033906
0.045630308853256356
0.04582043565331768
0.045671772716549784
0.04577205815743557
0.045848299959001894
0.04552388920392532
0.045480399387192436
0.04557763996735528
0.04553146880659634
0.04548669881979718
0.04549657813964393
0.04538152251721438
0.04527912718248213
0.04529121770408597
0.045353509508819244
0.04525941248673123
0.04531833349371401
0.04521625890764757
0.04515635846653456
0.04514676753103519
0.04505813677011943