0.12830721968288303
0.09888993560988778
0.08537296359419566
0.07953318823031089
0.07657994228087726
0.07439885491508415
0.07274412057398286
0.07132697574089132
0.07029250275712137
0.06926081802401567
0.0685000879341777
0.06784532241688875
0.06737565991798002
0.06691035595527968
0.06659614800314487
0.0662881288877746
0.06606692303223474
0.06585429274315477
0.06563590996530162
0.06534721745624396
0.06514743368384002
0.06500550236811621
0.06477816163453128
0.06462798384406963
0.06450519391229352
0.06438752969810328
0.06412932970605824
0.0640751227613272
0.06393474779517962
0.06375953688926093
0.06366398233979516
0.06360703207321614
0.06334338420079487
0.06326409344461605
0.06312687137073128
0.06309202603628726
0.06294131195055548
0.06283577735121175
0.06282644528643216
0.06270020406417061
0.06259485679389357
0.0625242593124136
0.06239427657948629
0.06232684620855427
0.062310519731346804
0.0621555096189136
0.062111493209538786
0.06200833569447551
0.06203528925962029
0.061906928520310676
0.06184867125795008
0.06186268742913017
0.06171958299390446
0.061661108623528325
0.06165336262881482
0.061552719078607786
0.06155520104132266
0.061531454557594824
0.06146499847637675
0.06139246731556611
0.06132608244440073
0.0613202399642548
0.06120622791566533
0.061242842253432746
0.06121403454560415
0.06110195146198559
0.06110117481170118
0.06109938581397085
0.06103674711550441
0.06097316342133468
0.06091055016574009
0.060877549939686804
0.06086636220625778
0.06085373351817261
0.060816564176164066
0.06070349493231404
0.060708426126339525
0.06075488698008153
0.06076815385698609
0.06059093522526696
0.06060044123807009
0.060562319573674195
0.06055903586678932
0.060585170348323523
0.060557720892201836
0.060400814134299846
0.06040624641188133
0.06031190119512504
0.06040806255412769
0.060332450641574976
0.06030050671756791
0.06030165111354113
0.060233416570522835
0.06017864070807664
0.06014988809557515
0.06022900540477878
0.060209748468428616
0.06015681649864733
0.0601110012751402
0.06010155694112824
0.06009208001005542
0.06006392498476216
0.06008277377353467
0.06003022011550658
0.060020305672121625
0.05995968641295152
0.05997862279083276
0.05994328868562962
0.059943080203774965
0.05992345235689967
0.05988875265504921
0.05983866896170283
0.059822256617053295
0.05982249825729406
0.05983234765871991
0.05979156028186959
0.05978504656212861
0.059761384030167404
0.059761923467604026
0.05972204514719737
0.05972734312250588
0.059714415536892294
0.0596789805153299
0.05966883422873712
0.05962815103715745
0.05965657679517865
0.059668454384282726
0.05965096370127071
0.059604612473104494
0.05957356998467712
0.05960863912808838
0.05957170444765099
0.059570981549117115
0.05952220170816269
0.05949130341151333
0.05947122912956398
0.05947719407021734
0.05948992795902374
0.059429698163124
0.05940286769145727
0.05940144441741163
0.05942968290033473
0.05940363483266408
0.0593786046255292
0.059353895168802746
0.059337786108166715
0.059302253754674183
0.05929752812989187
0.05929986765749706
0.059311554796060664