0.2650140847166565
0.2156311100501655
0.20014439356409633
0.1905374233099172
0.18507035502691643
0.18086823828341364
0.17813276480095838
0.17649132429910225
0.17545751055265663
0.17420007278847027
0.17312447532087624
0.17241282307426783
0.17186071982409942
0.17148654487804874
0.17000301047424043
0.1696824044052647
0.1689552393210718
0.16870438520720898
0.1676170029446921
0.1667041481575215
0.1658070329046813
0.16590233786949757
0.16551542840100264
0.16485627951429874
0.16492675499079562
0.16480379301317571
0.16474823293763954
0.16424526224448147
0.16417967585384027
0.16402020583216406
0.16382290409688524
0.16374649622291987
0.16334303743006856
0.1634641387845162
0.1634621014886516
0.1629643866523262
0.1630216072680129
0.16241883462032383
0.16237947264806518
0.162328907788289
0.16220167781439662
0.16187524746524867
0.16162829677621868
0.16158635839843083
0.16170609018862572
0.1616334322990349
0.1613038601407915
0.16122829769352837
0.1610868750167926
0.16117698520623788
0.15237481871491598
0.15188975175632502
0.15167568949814278
0.15152073767795377
0.15134928383736618
0.15127257556058343
0.15120123922951434
0.15116045448222307
0.15109047775152762
0.15104064564680664
0.15090436577963443
0.1509303440276643
0.15084035755800412
0.15084016152963284
0.1508301116964323
0.15070697086637103
0.1507239924016015
0.15068705990923723
0.1506844247976504
0.1506033097052306
0.1505631123112408
0.15055037041380387
0.15047138860000883
0.1504685167819807
0.1504473014439487
0.1504510511153643
0.15041254930874026
0.15039256624331046
0.1504209051054646
0.15028243954835493
0.15026981814858947
0.15026245474306577
0.15026386714989515
0.15022272925848976
0.15024721172460387
0.15020234714247324
0.15017300781654194
0.1501044165571682
0.1500675752611013
0.15007748234534565
0.1500451041080372
0.1500580661646667
0.14998441128513437
0.15001287847954153
0.14995093064597625
0.1499195494229436
0.14996648581502747
0.14995900606426568
0.14990474173531168
0.14990824572840927