10736.0
10505.0
10246.0
10250.0
10470.0
10389.0
10236.0
10561.0
10607.0
10370.0
10694.0
10673.0
10498.0
10390.0
10416.0
10534.0
10196.0
10417.0
10332.0
10468.0
10244.0
10691.0
10152.0
10137.0
10393.0
10336.0
10606.0
10746.0
10454.0
10681.0
10516.0
10548.0
10683.0
10466.0
10409.0
10174.0
10554.0
10605.0
10555.0
10183.0
10596.0
10146.0
10140.0
10185.0
10368.0
10231.0
10371.0
10385.0
10650.0
10717.0
10228.0
10732.0
10372.0
10609.0
10407.0
10339.0
10699.0
10565.0
10456.0
10507.0
10679.0
10431.0
10243.0
10223.0
10627.0
10665.0
10545.0
10437.0
10492.0
10240.0
10710.0
10153.0
10189.0
10209.0
10519.0
10541.0
10529.0
10457.0
10582.0
10162.0
10616.0
10381.0
10155.0
10136.0
10741.0
10143.0
10242.0
10585.0
10428.0
10591.0
10493.0
10123.0
10667.0
10412.0
10669.0
10408.0
10522.0
10509.0
10110.0
10580.0
10343.0
10593.0
10434.0
10401.0
10182.0
10662.0
10464.0
10533.0
10435.0
10594.0
10374.0
10199.0
10574.0
10511.0
10208.0
10210.0
10530.0
10373.0
10450.0
10181.0
10116.0
10532.0
10241.0
10194.0
10400.0
10490.0
10421.0
10504.0
10141.0
10326.0
10439.0
10227.0
10448.0
10190.0
10510.0
10429.0
10406.0
10500.0
10661.0
10595.0
10142.0
10586.0
10188.0
10728.0
10119.0
10689.0
10423.0
10197.0
10721.0
10546.0
10476.0
10720.0
10399.0
10659.0
10553.0
10569.0
10186.0
10391.0
10477.0
10422.0
10237.0
10453.0
10518.0
10187.0
10419.0
10520.0
10376.0
10557.0
10384.0
10245.0
10225.0
10501.0
10163.0
10125.0
10672.0
10413.0
10523.0
10496.0
10392.0
10730.0
10438.0
10446.0
10451.0
10571.0
10623.0
10531.0
10254.0
10480.0
10604.0
10425.0
10120.0
10524.0
10213.0
10597.0
10239.0
10560.0
10718.0
10572.0
10620.0
10670.0
10180.0
10635.0
10729.0
10614.0
10682.0
10749.0
10584.0
10211.0
10752.0
10540.0
10525.0
10104.0
10567.0
10714.0
10107.0
10503.0
10469.0
10633.0
10478.0
10191.0
10138.0
10491.0
10222.0
10449.0
10589.0
10575.0
10621.0
10441.0
10674.0
10460.0
10527.0
10748.0
10538.0
10458.0
10465.0
10325.0
10114.0
10570.0
10377.0
10708.0
10251.0
10380.0
10445.0
10387.0
10253.0
10713.0
10709.0
10562.0
10418.0
10463.0
10420.0
10649.0
10590.0
10369.0
10108.0
10751.0
10715.0
10247.0
10432.0
10740.0
10680.0
10471.0
10742.0
10731.0
10452.0
10497.0
10716.0
10544.0
10481.0
10602.0
10671.0
10558.0
10340.0
10424.0
10656.0
10337.0
10750.0
10747.0
10547.0
10692.0
10144.0
10433.0
10226.0
10579.0
10499.0
10161.0
10388.0
10112.0
10566.0
10693.0
10148.0
10539.0
10178.0
10657.0
10121.0
10397.0
10472.0
10690.0
10341.0
10436.0
10563.0
10184.0
10664.0
10502.0
10338.0
10379.0
10592.0
10599.0
